AMGN (Amgen, Inc.),227.42,-0.42
Feb 11 2020 @ 08:33 ET,Bid,225,Ask,228,Size,3x1,Vol,2144696
Expiration Date,Calls,Last Sale,Net,Bid,Ask,Vol,IV,Delta,Gamma,Open Int,Strike,Puts,Last Sale,Net,Bid,Ask,Vol,IV,Delta,Gamma,Open Int
02/14/2020,AMGN200214C00180000,0,0,45,49.4,0,0.02,1,0.0032,0,180.000,AMGN200214P00180000,0.01,0,0,0.33,0,1.0613,-0.0174,0.0017,10
02/14/2020,AMGN200214C00185000,0,0,40,44.4,0,0.02,1,0.0037,0,185.000,AMGN200214P00185000,0,0,0,0.33,0,0.952,-0.0193,0.0021,0
02/14/2020,AMGN200214C00190000,0,0,35.2,39.5,0,0.02,1,0.0046,0,190.000,AMGN200214P00190000,0.4,0,0,0.34,0,0.847,-0.0221,0.0026,5
02/14/2020,AMGN200214C00192500,0,0,32.55,37,0,0.02,1,0.0051,0,192.500,AMGN200214P00192500,0.09,0,0,0.34,0,0.7928,-0.0234,0.0029,5
02/14/2020,AMGN200214C00195000,27.07,0,29.9,34.3,0,0.02,1,0.0054,1,195.000,AMGN200214P00195000,0.09,0,0,0.36,0,0.7461,-0.0261,0.0034,31
02/14/2020,AMGN200214C00197500,0,0,27.4,31.75,0,0.02,1,0.0059,0,197.500,AMGN200214P00197500,0.17,0,0,0.35,0,0.6887,-0.0273,0.0038,745
02/14/2020,AMGN200214C00200000,31.5,0,25,29.45,0,0.02,1,0.0066,2,200.000,AMGN200214P00200000,0.03,-0.035,0,0.08,41,0.5067,-0.0093,0.0021,215
02/14/2020,AMGN200214C00202500,9.9,0,22.5,27,0,0.02,1,0,1,202.500,AMGN200214P00202500,0.33,0,0,0.4,0,0.5954,-0.035,0.0054,15
02/14/2020,AMGN200214C00205000,26.44,0,19.9,24.45,0,0.02,1,0.009,32,205.000,AMGN200214P00205000,0.1,-0.045,0.01,0.08,16,0.54,-0.0379,0.0064,119
02/14/2020,AMGN200214C00207500,7.65,0,17.5,21.95,0,0.02,1,0,47,207.500,AMGN200214P00207500,0.31,0,0,0.12,0,0.396,-0.0174,0.0045,6
02/14/2020,AMGN200214C00210000,22,0,15.5,19,0,0.5778,0.8928,0.0129,249,210.000,AMGN200214P00210000,0.12,-0.055,0.1,0.12,28,0.3818,-0.0294,0.0073,83
02/14/2020,AMGN200214C00212500,16.4,0,12.5,17,0,0.02,1,0,33,212.500,AMGN200214P00212500,0.16,-0.07,0.14,0.17,60,0.3565,-0.044,0.0109,72
02/14/2020,AMGN200214C00215000,12.17,-2.405,12.15,12.75,20,0.4052,0.8863,0.0193,52,215.000,AMGN200214P00215000,0.25,-0.07,0.23,0.26,35,0.3354,-0.0696,0.0167,237
02/14/2020,AMGN200214C00217500,14.17,0,7.75,12,0,0.02,1,0.0258,89,217.500,AMGN200214P00217500,0.49,0.01,0.4,0.44,45,0.3197,-0.1139,0.0252,309
02/14/2020,AMGN200214C00220000,7.05,-2.8,7.35,7.75,4,0.2973,0.8188,0.0364,137,220.000,AMGN200214P00220000,0.74,0.005,0.7,0.76,139,0.3065,-0.1835,0.0362,552
02/14/2020,AMGN200214C00222500,5.35,-2.175,5.1,5.5,99,0.269,0.729,0.051,168,222.500,AMGN200214P00222500,1.48,0.34,1.21,1.3,465,0.2985,-0.2858,0.0475,405
02/14/2020,AMGN200214C00225000,3.4,-2.075,3.35,3.55,90,0.2623,0.5882,0.0617,189,225.000,AMGN200214P00225000,2.42,0.645,2.04,2.17,56,0.2966,-0.4162,0.0548,172
02/14/2020,AMGN200214C00227500,1.95,-1.725,1.88,2,153,0.2461,0.425,0.0664,302,227.500,AMGN200214P00227500,3.55,0.83,3.25,3.45,28,0.3007,-0.5552,0.0547,98
02/14/2020,AMGN200214C00230000,1,-1.285,0.92,0.99,110,0.2367,0.2626,0.0575,303,230.000,AMGN200214P00230000,5.5,1.5,4.95,5.15,43,0.3165,-0.6759,0.0471,78
02/14/2020,AMGN200214C00232500,0.43,-0.865,0.4,0.44,83,0.2307,0.1362,0.0396,183,232.500,AMGN200214P00232500,6.11,0.435,6.9,7.25,10,0.3396,-0.765,0.0374,71
02/14/2020,AMGN200214C00235000,0.18,-0.495,0.16,0.19,35,0.2342,0.0649,0.0226,318,235.000,AMGN200214P00235000,9.8,2.175,9.1,9.6,9,0.382,-0.8161,0.0286,57
02/14/2020,AMGN200214C00237500,0.3,0,0.04,0.13,0,0.2526,0.0358,0.013,89,237.500,AMGN200214P00237500,11.92,2.045,11.55,12.05,2,0.4304,-0.8471,0.0225,51
02/14/2020,AMGN200214C00240000,0.02,-0.145,0.02,0.07,14,0.2674,0.0191,0.0073,765,240.000,AMGN200214P00240000,10.9,0,12.35,16.35,0,0.4766,-0.8698,0.0181,24
02/14/2020,AMGN200214C00242500,0.09,0,0.02,0.09,0,0.3159,0.0196,0.0063,288,242.500,AMGN200214P00242500,12.7,0,14.9,18.75,0,0.5062,-0.8937,0.0147,39
02/14/2020,AMGN200214C00245000,0.06,0,0,0.25,0,0.4073,0.0335,0.0077,297,245.000,AMGN200214P00245000,14.61,0,17.2,21.6,0,0.5899,-0.8896,0.013,10
02/14/2020,AMGN200214C00247500,0.16,0.1,0,0.13,1,0.4069,0.0192,0.0048,180,247.500,AMGN200214P00247500,16.76,0,19.7,24,0,0.6378,-0.8989,0.0112,12
02/14/2020,AMGN200214C00250000,0.06,0,0,0.32,0,0.5111,0.0339,0.0062,268,250.000,AMGN200214P00250000,24.7,0,22.2,26.55,0,0.6899,-0.9048,0.0099,2
02/14/2020,AMGN200214C00252500,0.45,0,0,0.32,0,0.5521,0.0316,0.0054,253,252.500,AMGN200214P00252500,0,0,24.5,29,0,0.7407,-0.9098,0.0088,0
02/14/2020,AMGN200214C00255000,0.24,0,0,0.32,0,0.5944,0.0301,0.0048,23,255.000,AMGN200214P00255000,18.13,0,27.2,31.5,0,0.7827,-0.9162,0.0079,11
02/14/2020,AMGN200214C00257500,0.04,0,0,0.32,0,0.6338,0.0284,0.0043,64,257.500,AMGN200214P00257500,0,0,29.7,34,0,0.8376,-0.9181,0.0072,0
02/14/2020,AMGN200214C00260000,0.23,0,0,0.32,0,0.6718,0.0268,0.0039,46,260.000,AMGN200214P00260000,0,0,32,36.5,0,0.8853,-0.9213,0.0066,0
02/14/2020,AMGN200214C00262500,0.1,0,0,0.32,0,0.7091,0.0254,0.0035,21,262.500,AMGN200214P00262500,0,0,34.55,39,0,0.9303,-0.9245,0.0061,0
02/14/2020,AMGN200214C00265000,0,0,0,0.32,0,0.7483,0.0245,0.0032,0,265.000,AMGN200214P00265000,0,0,37.1,41.55,0,0.9762,-0.927,0.0056,0
02/14/2020,AMGN200214C00270000,0.16,-0.16,0,0.32,1,0.8214,0.0227,0.0027,1,270.000,AMGN200214P00270000,0,0,42.1,46.7,0,1.0465,-0.9349,0.0048,0
02/14/2020,AMGN200214C00275000,0,0,0,0.32,0,0.892,0.0211,0.0024,0,275.000,AMGN200214P00275000,0,0,47.1,51.5,0,1.14,-0.9369,0.0043,0
02/21/2020,AMGN200221C00140000,0,0,85,89.5,0,0.02,1,0.0014,0,140.000,AMGN200221P00140000,0,0,0,0.07,0,1.028,-0.0028,0.0002,0
02/21/2020,AMGN200221C00145000,96.7,0,80,84.6,0,0.02,1,0.0016,2,145.000,AMGN200221P00145000,0,0,0,0.07,0,0.9515,-0.0028,0.0002,0
02/21/2020,AMGN200221C00150000,0,0,75,79.55,0,0.02,1,0.0017,0,150.000,AMGN200221P00150000,0.02,0,0,0.01,0,0.7543,-0.0007,0.0001,600
02/21/2020,AMGN200221C00155000,0,0,70,74.55,0,0.02,1,0.0018,0,155.000,AMGN200221P00155000,0.02,0,0,0.06,0,0.8107,-0.003,0.0003,179
02/21/2020,AMGN200221C00160000,0,0,65.2,69.45,0,0.02,1,0.002,0,160.000,AMGN200221P00160000,0.03,0,0,0.06,0,0.7469,-0.0032,0.0003,148
02/21/2020,AMGN200221C00165000,0,0,60.1,64.45,0,0.02,1,0,0,165.000,AMGN200221P00165000,0.03,0,0,0.08,0,0.7061,-0.0044,0.0005,124
02/21/2020,AMGN200221C00170000,0,0,55.2,59.5,0,0.02,1,0.0025,0,170.000,AMGN200221P00170000,0.18,0,0,0.1,0,0.6631,-0.0057,0.0006,30
02/21/2020,AMGN200221C00175000,0,0,50.1,54.45,0,0.02,1,0.003,0,175.000,AMGN200221P00175000,0,0,0,0.15,0,0.6378,-0.009,0.001,0
02/21/2020,AMGN200221C00180000,0,0,45,49.4,0,0.02,1,0.0032,0,180.000,AMGN200221P00180000,0.2,0,0,0.2,0,0.5933,-0.0119,0.0013,248
02/21/2020,AMGN200221C00185000,45,0,40.1,44.45,0,0.02,1,0.004,2,185.000,AMGN200221P00185000,0.34,0,0,0.21,0,0.5332,-0.0136,0.0017,48
02/21/2020,AMGN200221C00190000,0,0,35.1,39.45,0,0.02,1,0.0049,0,190.000,AMGN200221P00190000,0.1,0,0,0.22,0,0.4756,-0.0161,0.0021,103
02/21/2020,AMGN200221C00195000,47.53,0,30,34.5,0,0.02,1,0.0058,1,195.000,AMGN200221P00195000,0.11,0,0.05,0.18,0,0.4147,-0.0186,0.0028,136
02/21/2020,AMGN200221C00200000,31.5,0,25.4,29.35,0,0.02,1,0.0067,119,200.000,AMGN200221P00200000,0.14,-0.005,0.09,0.17,2,0.3612,-0.0238,0.0039,332
02/21/2020,AMGN200221C00205000,22.34,-1.985,20.35,24.45,1,0.02,1,0.0093,53,205.000,AMGN200221P00205000,0.16,-0.075,0.16,0.22,26,0.3226,-0.0382,0.0065,530
02/21/2020,AMGN200221C00210000,17.46,-2.19,17.05,17.7,4,0.02,1,0.013,138,210.000,AMGN200221P00210000,0.41,0.025,0.32,0.38,13,0.2922,-0.0699,0.0116,691
02/21/2020,AMGN200221C00215000,12.39,-2.31,12.2,12.75,4,0.02,1,0.0206,380,215.000,AMGN200221P00215000,0.85,0.135,0.68,0.75,27,0.2672,-0.1348,0.0205,932
02/21/2020,AMGN200221C00217500,9.63,-2.745,9.95,10.35,1,0.2454,0.8168,0.0267,150,217.500,AMGN200221P00217500,1.28,0.285,1.01,1.09,6,0.2586,-0.1888,0.0264,285
02/21/2020,AMGN200221C00220000,8.12,-1.98,7.7,8.05,6,0.2373,0.7457,0.0336,238,220.000,AMGN200221P00220000,1.81,0.425,1.48,1.58,20,0.2503,-0.2584,0.0326,770
02/21/2020,AMGN200221C00222500,5.85,-2.1,5.75,5.95,103,0.2248,0.6594,0.0408,179,222.500,AMGN200221P00222500,2.35,0.42,2.15,2.26,3,0.2428,-0.3446,0.0382,132
02/21/2020,AMGN200221C00225000,3.85,-2.175,4.05,4.25,25,0.2169,0.5522,0.0458,320,225.000,AMGN200221P00225000,3.3,0.62,3.05,3.2,23,0.2377,-0.445,0.0418,407
02/21/2020,AMGN200221C00227500,2.82,-1.555,2.71,2.83,89,0.2117,0.4346,0.0468,224,227.500,AMGN200221P00227500,4.95,1.3,4.25,4.45,38,0.2334,-0.5519,0.0426,101
02/21/2020,AMGN200221C00230000,1.6,-1.445,1.7,1.79,67,0.2084,0.3198,0.0433,601,230.000,AMGN200221P00230000,5.95,1.05,5.75,5.95,3,0.2329,-0.6549,0.0396,530
02/21/2020,AMGN200221C00232500,1.01,-0.985,1,1.08,39,0.2048,0.2178,0.0363,120,232.500,AMGN200221P00232500,8.4,1.975,7.6,7.8,20,0.2349,-0.7441,0.0341,189
02/21/2020,AMGN200221C00235000,0.53,-0.73,0.55,0.61,122,0.2037,0.1389,0.0274,634,235.000,AMGN200221P00235000,6.3,0,9.15,10.55,0,0.2125,-0.8458,0.0274,564
02/21/2020,AMGN200221C00237500,0.29,-0.465,0.29,0.33,31,0.2036,0.0831,0.019,259,237.500,AMGN200221P00237500,8.28,0,11.25,12.8,0,0.2404,-0.8721,0.0212,167
02/21/2020,AMGN200221C00240000,0.16,-0.28,0.14,0.18,12,0.2083,0.0497,0.0125,2989,240.000,AMGN200221P00240000,14.97,2.545,14.1,14.6,2,0.2686,-0.8906,0.0169,518
02/21/2020,AMGN200221C00242500,0.1,-0.15,0.08,0.11,404,0.2126,0.0294,0.0079,625,242.500,AMGN200221P00242500,18.82,0,15.05,18.8,0,0.2901,-0.9087,0.0135,16
02/21/2020,AMGN200221C00245000,0.15,0,0.06,0.07,0,0.2219,0.019,0.0053,1465,245.000,AMGN200221P00245000,25.75,0,17.6,21.15,0,0.3104,-0.9233,0.011,51
02/21/2020,AMGN200221C00247500,0.42,0,0,0.2,0,0.2647,0.0253,0.0056,51,247.500,AMGN200221P00247500,0,0,19.7,24.1,0,0.3425,-0.9265,0.0096,0
02/21/2020,AMGN200221C00250000,0.02,-0.04,0.02,0.07,4,0.2573,0.0126,0.0032,1152,250.000,AMGN200221P00250000,37.66,0,22.5,26.7,0,0.3464,-0.9442,0.0075,39
02/21/2020,AMGN200221C00252500,0.06,0,0,0.17,0,0.3081,0.0203,0.004,25,252.500,AMGN200221P00252500,0,0,24.75,29,0,0.3946,-0.937,0.0073,0
02/21/2020,AMGN200221C00255000,0.05,0,0,0.09,0,0.301,0.0112,0.0025,925,255.000,AMGN200221P00255000,16.6,0,27.25,31.5,0,0.4128,-0.9442,0.0063,12
02/21/2020,AMGN200221C00257500,0.12,0,0,0.15,0,0.3455,0.0159,0.0029,67,257.500,AMGN200221P00257500,0,0,30,34.2,0,0.4396,-0.9465,0.0057,0
02/21/2020,AMGN200221C00260000,0.09,0,0,0.1,0,0.3475,0.0109,0.0021,362,260.000,AMGN200221P00260000,35.25,0,32.3,36.2,0,0.4583,-0.9512,0.005,1
02/21/2020,AMGN200221C00262500,0,0,0,0.13,0,0.3811,0.0129,0.0022,0,262.500,AMGN200221P00262500,0,0,34.5,39,0,0.4946,-0.9491,0.0048,0
02/21/2020,AMGN200221C00265000,0.04,0,0,0.12,0,0.3977,0.0116,0.0019,224,265.000,AMGN200221P00265000,0,0,37.1,41.75,0,0.5164,-0.952,0.0044,0
02/21/2020,AMGN200221C00270000,0.07,0,0,0.1,0,0.4261,0.009,0.0014,162,270.000,AMGN200221P00270000,0,0,42.1,46.6,0,0.5645,-0.9551,0.0037,0
02/21/2020,AMGN200221C00275000,0.03,0,0,0.09,0,0.4598,0.0078,0.0012,41,275.000,AMGN200221P00275000,0,0,47.1,51.65,0,0.6124,-0.9572,0.0033,0
02/21/2020,AMGN200221C00280000,0,0,0,0.08,0,0.4883,0.0065,0.0009,0,280.000,AMGN200221P00280000,46.3,0,52.1,56.5,0,0.6701,-0.9564,0.0031,1
02/21/2020,AMGN200221C00285000,0.08,0,0,0.07,0,0.5188,0.0057,0.0008,31,285.000,AMGN200221P00285000,0,0,57,61.5,0,0.7157,-0.9581,0.0028,0
02/21/2020,AMGN200221C00290000,0,0,0,0.07,0,0.5529,0.0054,0.0007,0,290.000,AMGN200221P00290000,0,0,62.1,66.5,0,0.7457,-0.9624,0.0024,0
02/21/2020,AMGN200221C00295000,0.02,0,0,0.02,0,0.5129,0.0016,0.0003,1,295.000,AMGN200221P00295000,0,0,67.1,71.5,0,0.7879,-0.9636,0.0022,0
02/21/2020,AMGN200221C00300000,0,0,0,0.07,0,0.6188,0.0049,0.0006,0,300.000,AMGN200221P00300000,0,0,72.25,76.6,0,0.8304,-0.9645,0.002,0
02/21/2020,AMGN200221C00305000,0,0,0,0.07,0,0.6502,0.0047,0.0005,0,305.000,AMGN200221P00305000,0,0,77,81.5,0,0.8848,-0.9632,0.002,0
02/21/2020,AMGN200221C00310000,0,0,0,0.07,0,0.6802,0.0044,0.0005,0,310.000,AMGN200221P00310000,0,0,82.05,86.5,0,0.9246,-0.9641,0.0018,0
02/21/2020,AMGN200221C00315000,0,0,0,0.07,0,0.7125,0.0044,0.0005,0,315.000,AMGN200221P00315000,0,0,87.2,91.65,0,0.9384,-0.9685,0.0016,0
02/21/2020,AMGN200221C00320000,0,0,0,0.07,0,0.7408,0.0042,0.0004,0,320.000,AMGN200221P00320000,0,0,92.15,96.5,0,1.001,-0.9658,0.0016,0
02/21/2020,AMGN200221C00325000,0,0,0,0.07,0,0.7696,0.004,0.0004,0,325.000,AMGN200221P00325000,0,0,97.1,101.5,0,1.0123,-0.9698,0.0014,0
02/21/2020,AMGN200221C00330000,0.01,0,0,0.07,0,0.7978,0.0039,0.0004,1,330.000,AMGN200221P00330000,0,0,102.05,106.5,0,1.0649,-0.9683,0.0014,0
02/21/2020,AMGN200221C00335000,0,0,0,0.07,0,0.8254,0.0038,0.0003,0,335.000,AMGN200221P00335000,0,0,107,111.5,0,1.0835,-0.9708,0.0013,0
02/21/2020,AMGN200221C00340000,0,0,0,0.07,0,0.8525,0.0036,0.0003,0,340.000,AMGN200221P00340000,0,0,112.1,116.5,0,1.1175,-0.9714,0.0012,0
02/28/2020,AMGN200228C00180000,0,0,45,49.45,0,0.02,1,0.0033,0,180.000,AMGN200228P00180000,0,0,0,0.59,0,0.5483,-0.0268,0.0022,0
02/28/2020,AMGN200228C00185000,0,0,40.1,44.5,0,0.02,1,0,0,185.000,AMGN200228P00185000,0.17,0,0,0.74,0,0.5127,-0.0347,0.003,11
02/28/2020,AMGN200228C00190000,0,0,35.05,39.4,0,0.02,1,0.0044,0,190.000,AMGN200228P00190000,0,0,0,0.87,0,0.4701,-0.0432,0.0039,0
02/28/2020,AMGN200228C00192500,0,0,32.55,37.05,0,0.02,1,0.0053,0,192.500,AMGN200228P00192500,0,0,0,0.88,0,0.442,-0.046,0.0043,0
02/28/2020,AMGN200228C00195000,0,0,30.2,34.35,0,0.02,1,0.0055,0,195.000,AMGN200228P00195000,1.13,0,0,0.57,0,0.379,-0.0363,0.0041,5
02/28/2020,AMGN200228C00197500,0,0,27.5,32.05,0,0.02,1,0.0065,0,197.500,AMGN200228P00197500,1.54,0,0,1.07,0,0.4008,-0.0594,0.0058,1
02/28/2020,AMGN200228C00200000,0,0,25.4,29.1,0,0.02,1,0,0,200.000,AMGN200228P00200000,0.55,0,0.16,0.98,0,0.3772,-0.0665,0.0068,9
02/28/2020,AMGN200228C00202500,0,0,22.95,26.7,0,0.02,1,0.0083,0,202.500,AMGN200228P00202500,0.39,0.045,0.3,0.36,1,0.3066,-0.0497,0.0066,12
02/28/2020,AMGN200228C00205000,21.7,0,20.4,24.05,0,0.02,1,0.0101,1,205.000,AMGN200228P00205000,0.45,0.005,0.41,0.45,5,0.2964,-0.0648,0.0084,37
02/28/2020,AMGN200228C00207500,0,0,17.95,21.6,0,0.02,1,0.011,0,207.500,AMGN200228P00207500,0.68,0.13,0.53,0.59,252,0.2851,-0.0835,0.0106,264
02/28/2020,AMGN200228C00210000,17.22,-2.33,17.05,17.8,3,0.02,1,0.0135,63,210.000,AMGN200228P00210000,0.8,0.09,0.7,0.77,10,0.2749,-0.1084,0.0134,84
02/28/2020,AMGN200228C00212500,15.25,-2.05,14.3,15.95,3,0.2804,0.8399,0.0167,18,212.500,AMGN200228P00212500,1,0.06,0.95,1.02,13,0.2653,-0.1408,0.0166,48
02/28/2020,AMGN200228C00215000,12.49,-2.385,11.9,12.95,23,0.2306,0.835,0.0207,50,215.000,AMGN200228P00215000,1.42,0.2,1.27,1.37,3,0.2574,-0.183,0.0203,77
02/28/2020,AMGN200228C00217500,6.7,0,9.5,10.95,0,0.246,0.7612,0.0245,2,217.500,AMGN200228P00217500,2,0.4,1.72,1.82,18,0.2498,-0.2351,0.0243,117
02/28/2020,AMGN200228C00220000,8.25,-2.275,8.35,8.55,85,0.2247,0.7081,0.0298,107,220.000,AMGN200228P00220000,2.46,0.37,2.31,2.42,8,0.2432,-0.2983,0.0281,53
02/28/2020,AMGN200228C00222500,6.65,-1.85,6.5,6.7,99,0.2207,0.6292,0.0335,69,222.500,AMGN200228P00222500,3.5,0.77,3.05,3.2,8,0.2372,-0.3716,0.0314,16
02/28/2020,AMGN200228C00225000,4.8,-1.95,4.95,5.15,40,0.2175,0.5417,0.0358,107,225.000,AMGN200228P00225000,4.25,0.7,4,4.15,42,0.2315,-0.4529,0.0337,80
02/28/2020,AMGN200228C00227500,5.15,0,3.65,3.8,0,0.2133,0.4501,0.0365,26,227.500,AMGN200228P00227500,5.23,0.68,4.95,5.4,6,0.2266,-0.5392,0.0344,23
02/28/2020,AMGN200228C00230000,2.7,-1.175,2.59,2.69,33,0.2098,0.359,0.0351,99,230.000,AMGN200228P00230000,6.75,1,6.6,6.8,1,0.2233,-0.6251,0.0332,59
02/28/2020,AMGN200228C00232500,1.69,-1.13,1.72,1.85,24,0.2071,0.2742,0.0317,120,232.500,AMGN200228P00232500,8.4,1.2,8.05,8.5,1,0.2208,-0.7056,0.0304,30
02/28/2020,AMGN200228C00235000,1.2,-0.775,1.12,1.22,4,0.2037,0.1986,0.027,80,235.000,AMGN200228P00235000,10.7,1.825,9.75,10.55,2,0.2241,-0.7713,0.0262,17
02/28/2020,AMGN200228C00237500,1.93,0,0.69,0.77,0,0.2017,0.1377,0.0215,26,237.500,AMGN200228P00237500,11.51,0,11.5,13.3,0,0.214,-0.8407,0.0217,6
02/28/2020,AMGN200228C00240000,1.36,0,0.41,0.47,0,0.2011,0.0921,0.0162,81,240.000,AMGN200228P00240000,14.62,1.87,13.95,15.55,1,0.2169,-0.8845,0.017,52
02/28/2020,AMGN200228C00242500,1.4,0,0.23,0.29,0,0.2,0.0584,0.0115,21,242.500,AMGN200228P00242500,8.65,0,15,18.9,0,0.2285,-0.9074,0.0135,10
02/28/2020,AMGN200228C00245000,0.25,-0.105,0.04,0.21,2,0.2063,0.0407,0.0084,100,245.000,AMGN200228P00245000,7.38,0,17.75,21.65,0,0.2496,-0.9172,0.0113,10
02/28/2020,AMGN200228C00247500,0.4,0,0.03,0.45,0,0.2414,0.0473,0.0081,21,247.500,AMGN200228P00247500,0,0,19.85,23.7,0,0.2617,-0.9312,0.0092,0
02/28/2020,AMGN200228C00250000,0.46,0,0.03,0.35,0,0.2523,0.0378,0.0065,32,250.000,AMGN200228P00250000,0,0,22.3,26.3,0,0.2842,-0.9351,0.0081,0
02/28/2020,AMGN200228C00252500,0.24,0,0,0.28,0,0.26,0.0291,0.005,2,252.500,AMGN200228P00252500,0,0,24.6,29,0,0.3064,-0.9382,0.0072,0
02/28/2020,AMGN200228C00255000,0.13,0,0,0.23,0,0.2693,0.0232,0.004,18,255.000,AMGN200228P00255000,29.09,0,27.25,31.5,0,0.3232,-0.9436,0.0063,0
02/28/2020,AMGN200228C00257500,0.16,0,0,0.21,0,0.2831,0.0204,0.0034,27,257.500,AMGN200228P00257500,0,0,29.75,34.2,0,0.3442,-0.9459,0.0057,0
02/28/2020,AMGN200228C00260000,0.28,0,0,0.18,0,0.2946,0.0173,0.0029,21,260.000,AMGN200228P00260000,0,0,32.55,36.3,0,0.3697,-0.9456,0.0053,0
02/28/2020,AMGN200228C00262500,0.07,0,0,0.18,0,0.311,0.0164,0.0026,10,262.500,AMGN200228P00262500,0,0,34.5,39,0,0.3903,-0.9473,0.0049,0
02/28/2020,AMGN200228C00265000,0,0,0,0.17,0,0.3256,0.0151,0.0023,0,265.000,AMGN200228P00265000,0,0,37.1,41.5,0,0.3986,-0.9538,0.0042,0
02/28/2020,AMGN200228C00270000,0,0,0,0.15,0,0.3514,0.0125,0.0018,0,270.000,AMGN200228P00270000,0,0,42.1,46.5,0,0.4427,-0.9542,0.0038,0
02/28/2020,AMGN200228C00275000,0,0,0,0.13,0,0.3749,0.0103,0.0014,0,275.000,AMGN200228P00275000,0,0,47.15,51.7,0,0.4743,-0.9582,0.0032,0
03/06/2020,AMGN200306C00180000,0,0,45.2,49.5,0,0.02,1,0.0034,0,180.000,AMGN200306P00180000,0,0,0,1.03,0,0.5162,-0.0395,0.0028,0
03/06/2020,AMGN200306C00185000,0,0,40,44.45,0,0.02,1,0,0,185.000,AMGN200306P00185000,0.71,0,0,1.04,0,0.4655,-0.0438,0.0033,32
03/06/2020,AMGN200306C00190000,0,0,35.05,39.6,0,0.02,1,0.0047,0,190.000,AMGN200306P00190000,0.7,0,0,0.72,0,0.385,-0.0378,0.0036,16
03/06/2020,AMGN200306C00192500,0,0,32.55,37,0,0.02,1,0.0049,0,192.500,AMGN200306P00192500,0,0,0,1.27,0,0.4065,-0.0587,0.0048,0
03/06/2020,AMGN200306C00195000,36.83,0,30.05,34.5,0,0.02,1,0.0055,10,195.000,AMGN200306P00195000,0.3,0,0.01,0.9,0,0.3543,-0.0503,0.0049,8
03/06/2020,AMGN200306C00197500,34.38,0,27.5,31.85,0,0.02,1,0.0065,11,197.500,AMGN200306P00197500,2.11,0,0.3,0.43,0,0.3176,-0.0479,0.0053,1
03/06/2020,AMGN200306C00200000,25.05,0,25,29.35,0,0.02,1,0.0072,1,200.000,AMGN200306P00200000,0.45,0,0.42,0.51,0,0.3064,-0.0582,0.0064,30
03/06/2020,AMGN200306C00202500,0,0,22.95,26.6,0,0.02,1,0.008,0,202.500,AMGN200306P00202500,0,0,0.51,0.64,0,0.2982,-0.0733,0.0078,0
03/06/2020,AMGN200306C00205000,0,0,20.1,24.5,0,0.2631,0.9203,0.0088,0,205.000,AMGN200306P00205000,0.76,0,0.71,0.79,0,0.2907,-0.0924,0.0095,43
03/06/2020,AMGN200306C00207500,0,0,17.65,21.6,0,0.2738,0.8844,0.0114,0,207.500,AMGN200306P00207500,1.07,0.135,0.92,1,11,0.2814,-0.1144,0.0115,11
03/06/2020,AMGN200306C00210000,0,0,15.7,19.15,0,0.2543,0.8669,0.0137,0,210.000,AMGN200306P00210000,1.38,0.21,1.17,1.27,2,0.2751,-0.1438,0.0138,166
03/06/2020,AMGN200306C00212500,0,0,13.3,17.05,0,0.2651,0.8164,0.0164,0,212.500,AMGN200306P00212500,1.59,0.13,1.51,1.61,4,0.2679,-0.1785,0.0163,8
03/06/2020,AMGN200306C00215000,16.59,0,11.2,14.7,0,0.2719,0.7651,0.0186,18,215.000,AMGN200306P00215000,2.21,0.37,1.93,2.05,13,0.2607,-0.2196,0.019,15
03/06/2020,AMGN200306C00217500,14.8,0,9.1,12.65,0,0.2705,0.7133,0.0208,2,217.500,AMGN200306P00217500,2.64,0.315,2.49,2.61,45,0.255,-0.2687,0.0217,49
03/06/2020,AMGN200306C00220000,9.21,-1.565,9.1,9.45,2,0.2334,0.6779,0.0255,14,220.000,AMGN200306P00220000,3.48,0.585,3.15,3.3,3,0.2495,-0.3247,0.0241,31
03/06/2020,AMGN200306C00222500,8.63,0,5.55,8.8,0,0.2206,0.6138,0.0288,6,222.500,AMGN200306P00222500,4.23,0.655,3.95,4.15,5,0.2436,-0.3869,0.0263,16
03/06/2020,AMGN200306C00225000,5.8,-1.725,5.9,6.25,1,0.2276,0.5395,0.0291,65,225.000,AMGN200306P00225000,4.9,0.425,4.9,5.15,6,0.2395,-0.4547,0.0276,39
03/06/2020,AMGN200306C00227500,4.69,-1.46,4.65,4.9,7,0.2247,0.4654,0.0295,39,227.500,AMGN200306P00227500,6.08,0.58,4.75,7.75,1,0.2345,-0.5255,0.0283,2
03/06/2020,AMGN200306C00230000,3.45,-1.425,3.5,3.7,18,0.221,0.3909,0.029,99,230.000,AMGN200306P00230000,17.05,0,7,7.85,0,0.1936,-0.6215,0.0327,7
03/06/2020,AMGN200306C00232500,2.66,-1.09,2.37,2.79,2,0.2174,0.3187,0.0275,21,232.500,AMGN200306P00232500,7.05,0,7.55,10.95,0,0.201,-0.6905,0.0291,2
03/06/2020,AMGN200306C00235000,1.81,-1.01,1.77,2,2,0.2131,0.2506,0.025,128,235.000,AMGN200306P00235000,0,0,9.25,12.75,0,0.2293,-0.7271,0.024,0
03/06/2020,AMGN200306C00237500,1.35,-0.71,1.23,1.38,1,0.2098,0.1905,0.0217,24,237.500,AMGN200306P00237500,0,0,11.75,14.6,0,0.2355,-0.7748,0.021,0
03/06/2020,AMGN200306C00240000,0.95,-0.525,0.85,0.93,1,0.208,0.141,0.018,153,240.000,AMGN200306P00240000,0,0,13.25,16.75,0,0.1836,-0.8829,0.0172,0
03/06/2020,AMGN200306C00242500,1.63,0,0.5,0.63,0,0.2061,0.1007,0.0143,7,242.500,AMGN200306P00242500,0,0,15.2,19.1,0,0.2254,-0.8716,0.015,0
03/06/2020,AMGN200306C00245000,0.88,0,0.32,0.41,0,0.2048,0.0698,0.011,257,245.000,AMGN200306P00245000,0,0,17.45,21.7,0,0.2355,-0.8925,0.0126,0
03/06/2020,AMGN200306C00247500,0.46,0,0.07,0.29,0,0.2053,0.0482,0.0082,6,247.500,AMGN200306P00247500,0,0,19.7,24.2,0,0.2464,-0.9087,0.0105,0
03/06/2020,AMGN200306C00250000,1.26,0,0.07,0.48,0,0.2301,0.0499,0.0075,12,250.000,AMGN200306P00250000,0,0,22.15,26.75,0,0.247,-0.9302,0.0084,0
03/06/2020,AMGN200306C00252500,0.54,0,0,0.48,0,0.241,0.042,0.0062,2,252.500,AMGN200306P00252500,0,0,24.8,28.75,0,0.2709,-0.9299,0.0077,0
03/06/2020,AMGN200306C00255000,0.45,0,0,0.48,0,0.2581,0.0397,0.0056,3,255.000,AMGN200306P00255000,0,0,27.15,31.4,0,0.2901,-0.9328,0.0069,0
03/06/2020,AMGN200306C00257500,0,0,0,0.49,0,0.2758,0.0382,0.005,0,257.500,AMGN200306P00257500,0,0,29.7,34.2,0,0.3011,-0.9401,0.006,0
03/06/2020,AMGN200306C00260000,0,0,0,0.5,0,0.2931,0.0368,0.0046,0,260.000,AMGN200306P00260000,0,0,32.65,36.5,0,0.3227,-0.9402,0.0056,0
03/06/2020,AMGN200306C00262500,0,0,0,0.5,0,0.3092,0.0351,0.0042,0,262.500,AMGN200306P00262500,0,0,34.65,39.2,0,0.3345,-0.9455,0.005,0
03/06/2020,AMGN200306C00265000,0,0,0,0.5,0,0.3253,0.0338,0.0039,0,265.000,AMGN200306P00265000,0,0,37.05,41.5,0,0.3493,-0.9483,0.0045,0
03/06/2020,AMGN200306C00270000,0,0,0,0.5,0,0.3557,0.0311,0.0033,0,270.000,AMGN200306P00270000,0,0,42,46.45,0,0.3874,-0.949,0.004,0
03/13/2020,AMGN200313C00180000,0,0,45,49.45,0,0.02,1,0.0032,0,180.000,AMGN200313P00180000,0.29,0,0,1.04,0,0.4581,-0.0398,0.0028,1
03/13/2020,AMGN200313C00185000,0,0,40.2,44.55,0,0.02,1,0.0037,0,185.000,AMGN200313P00185000,0,0,0.01,0.95,0,0.4058,-0.0414,0.0032,0
03/13/2020,AMGN200313C00190000,0,0,35.15,39.45,0,0.02,1,0.0044,0,190.000,AMGN200313P00190000,0.25,0,0,1.23,0,0.3812,-0.0545,0.0043,1
03/13/2020,AMGN200313C00192500,0,0,32.5,37,0,0.02,1,0.0047,0,192.500,AMGN200313P00192500,0,0,0,1.22,0,0.3575,-0.0573,0.0048,0
03/13/2020,AMGN200313C00195000,0,0,30,34.45,0,0.02,1,0.0055,0,195.000,AMGN200313P00195000,0.87,0,0.31,0.46,0,0.3042,-0.0453,0.0046,3
03/13/2020,AMGN200313C00197500,0,0,27.65,32,0,0.02,1,0.0062,0,197.500,AMGN200313P00197500,1.66,0,0.47,0.56,0,0.3007,-0.0584,0.0058,18
03/13/2020,AMGN200313C00200000,0,0,25.35,29.1,0,0.02,1,0.0067,0,200.000,AMGN200313P00200000,0.74,0.11,0.6,0.68,5,0.2928,-0.0716,0.0069,15
03/13/2020,AMGN200313C00202500,0,0,22.55,26.9,0,0.2898,0.902,0.0084,0,202.500,AMGN200313P00202500,1.13,0,0.74,0.84,0,0.2849,-0.0878,0.0083,28
03/13/2020,AMGN200313C00205000,0,0,21.6,23.7,0,0.2868,0.8785,0.01,0,205.000,AMGN200313P00205000,1.1,0.13,0.92,1.05,1,0.2793,-0.109,0.0099,8
03/13/2020,AMGN200313C00207500,24.53,0,19.3,21.35,0,0.2759,0.8568,0.0118,9,207.500,AMGN200313P00207500,1.53,0,1.15,1.3,0,0.2713,-0.1331,0.0118,21
03/13/2020,AMGN200313C00210000,0,0,16.8,19.2,0,0.258,0.837,0.0138,0,210.000,AMGN200313P00210000,1.72,0.255,1.52,1.61,12,0.2661,-0.1627,0.0137,36
03/13/2020,AMGN200313C00212500,11.39,0,14.6,16.85,0,0.2577,0.7977,0.0159,1,212.500,AMGN200313P00212500,2.13,0.315,1.79,2.06,2,0.2585,-0.197,0.0159,6
03/13/2020,AMGN200313C00215000,17.29,0,12.25,14.85,0,0.249,0.7591,0.0182,14,215.000,AMGN200313P00215000,2.64,0.4,2.32,2.56,1,0.2537,-0.2373,0.018,19
03/13/2020,AMGN200313C00217500,11.9,-1.675,10.3,12.85,3,0.2465,0.7102,0.0203,3,217.500,AMGN200313P00217500,3.18,0,2.94,3.2,0,0.2495,-0.2845,0.0201,5
03/13/2020,AMGN200313C00220000,9.53,-2.045,8.4,11.15,1,0.2383,0.66,0.0226,80,220.000,AMGN200313P00220000,3.39,0,3.65,3.9,0,0.2424,-0.3354,0.0222,15
03/13/2020,AMGN200313C00222500,12.84,0,6.9,9.45,0,0.2356,0.6011,0.0241,48,222.500,AMGN200313P00222500,4.66,0.56,4.5,4.75,5,0.241,-0.3938,0.0236,7
03/13/2020,AMGN200313C00225000,5.15,-3.1,6.6,6.9,2,0.2267,0.5394,0.0258,79,225.000,AMGN200313P00225000,5.68,0.68,5.5,5.75,5,0.2349,-0.4544,0.0249,9
03/13/2020,AMGN200313C00227500,6.85,0,5.25,5.55,0,0.2222,0.4733,0.0265,25,227.500,AMGN200313P00227500,6.79,0.765,6.6,7,1,0.2296,-0.5183,0.0256,2
03/13/2020,AMGN200313C00230000,4.21,-1.24,4.1,4.3,4,0.2176,0.4059,0.0263,118,230.000,AMGN200313P00230000,7.75,0,8,8.25,0,0.2277,-0.5823,0.0252,101
03/13/2020,AMGN200313C00232500,4.16,0,2.83,3.35,0,0.2132,0.3391,0.0254,10,232.500,AMGN200313P00232500,17.25,0,8.45,10.7,0,0.2144,-0.6531,0.0253,1
03/13/2020,AMGN200313C00235000,3.2,0,2.25,2.47,0,0.2102,0.2767,0.0236,23,235.000,AMGN200313P00235000,0,0,10.6,12.4,0,0.2123,-0.7144,0.0234,0
03/13/2020,AMGN200313C00237500,0.27,0,1.3,1.81,0,0.2057,0.2177,0.0212,1,237.500,AMGN200313P00237500,12.4,0.525,12.35,14.45,5,0.2083,-0.773,0.0211,0
03/13/2020,AMGN200313C00240000,1.1,-0.76,1.1,1.27,1,0.2037,0.1681,0.0183,31,240.000,AMGN200313P00240000,0,0,14,16.5,0,0.2096,-0.8178,0.0183,0
03/13/2020,AMGN200313C00242500,2.05,0,0.69,0.87,0,0.2003,0.1245,0.0152,183,242.500,AMGN200313P00242500,0,0,16.35,18.5,0,0.2102,-0.8568,0.0154,0
03/13/2020,AMGN200313C00245000,0.52,-0.425,0.52,0.6,2,0.1989,0.0909,0.0122,105,245.000,AMGN200313P00245000,0,0,18.65,20.7,0,0.2162,-0.8828,0.0129,0
03/13/2020,AMGN200313C00247500,0.36,-0.3,0.32,0.4,2,0.198,0.0649,0.0095,2,247.500,AMGN200313P00247500,0,0,20.25,24,0,0.225,-0.9008,0.0109,0
03/13/2020,AMGN200313C00250000,0,0,0.2,0.29,0,0.1991,0.0469,0.0073,0,250.000,AMGN200313P00250000,0,0,22.45,26.4,0,0.2386,-0.9108,0.0095,0
03/13/2020,AMGN200313C00252500,0,0,0,0.6,0,0.2237,0.051,0.0069,0,252.500,AMGN200313P00252500,0,0,24.6,28.9,0,0.2514,-0.9195,0.0082,0
03/13/2020,AMGN200313C00255000,0,0,0,0.49,0,0.2285,0.0404,0.0056,0,255.000,AMGN200313P00255000,0,0,27.7,31.6,0,0.2601,-0.9296,0.0071,0
03/13/2020,AMGN200313C00257500,0,0,0,0.41,0,0.2366,0.0342,0.0048,0,257.500,AMGN200313P00257500,0,0,29.6,34,0,0.2855,-0.9262,0.0067,0
03/13/2020,AMGN200313C00260000,0,0,0,0.34,0,0.2434,0.0284,0.004,0,260.000,AMGN200313P00260000,0,0,32.2,36.7,0,0.2961,-0.9329,0.006,0
03/13/2020,AMGN200313C00262500,0,0,0,0.29,0,0.2494,0.0235,0.0033,0,262.500,AMGN200313P00262500,0,0,34.6,39,0,0.3155,-0.9331,0.0056,0
03/13/2020,AMGN200313C00265000,0,0,0,0.25,0,0.2583,0.0207,0.0029,0,265.000,AMGN200313P00265000,0,0,37.1,41.5,0,0.3138,-0.9455,0.0047,0
03/13/2020,AMGN200313C00270000,0,0,0,0.21,0,0.2756,0.0164,0.0022,0,270.000,AMGN200313P00270000,0,0,42.25,46.7,0,0.3588,-0.9406,0.0044,0
03/20/2020,AMGN200320C00140000,0,0,85.2,89.45,0,0.02,1,0.0014,0,140.000,AMGN200320P00140000,0,0,0,0.16,0,0.5976,-0.0053,0.0003,0
03/20/2020,AMGN200320C00145000,0,0,80,84.45,0,0.02,1,0.0015,0,145.000,AMGN200320P00145000,0.12,0,0,0.22,0,0.5804,-0.0074,0.0005,20
03/20/2020,AMGN200320C00150000,84.09,0,75,79.45,0,0.02,1,0.0017,1,150.000,AMGN200320P00150000,0.17,0,0,0.24,0,0.5463,-0.0084,0.0006,5
03/20/2020,AMGN200320C00155000,0,0,69.9,74.3,0,0.02,1,0.0018,0,155.000,AMGN200320P00155000,0.05,0,0,0.24,0,0.5064,-0.009,0.0006,1
03/20/2020,AMGN200320C00160000,0,0,65,69.5,0,0.02,1,0.002,0,160.000,AMGN200320P00160000,0,0,0,0.25,0,0.4716,-0.0101,0.0008,0
03/20/2020,AMGN200320C00165000,0,0,60,64.45,0,0.02,1,0.0022,0,165.000,AMGN200320P00165000,0,0,0,0.27,0,0.4382,-0.0115,0.0009,0
03/20/2020,AMGN200320C00170000,0,0,55,59.4,0,0.02,1,0.0025,0,170.000,AMGN200320P00170000,0.4,0,0,0.3,0,0.4078,-0.0136,0.0011,3
03/20/2020,AMGN200320C00175000,0,0,50.1,54.55,0,0.02,1,0.0029,0,175.000,AMGN200320P00175000,0.59,0,0,0.34,0,0.3784,-0.0164,0.0014,30
03/20/2020,AMGN200320C00180000,0,0,45,49.5,0,0.02,1,0.0032,0,180.000,AMGN200320P00180000,0.43,0,0.05,0.4,0,0.3556,-0.0216,0.002,55
03/20/2020,AMGN200320C00185000,0,0,40.05,44.5,0,0.02,1,0.0036,0,185.000,AMGN200320P00185000,0.24,0,0.13,0.49,0,0.3381,-0.0305,0.0027,66
03/20/2020,AMGN200320C00190000,32.15,0,35,39.45,0,0.02,1,0,2,190.000,AMGN200320P00190000,0.51,0,0.24,0.44,0,0.3054,-0.0363,0.0035,41
03/20/2020,AMGN200320C00195000,0,0,30.05,34.4,0,0.02,1,0.0052,0,195.000,AMGN200320P00195000,0.53,0,0.48,0.61,0,0.2914,-0.0541,0.0051,225
03/20/2020,AMGN200320C00200000,27.7,-1.875,25.55,29,4,0.2785,0.9117,0.0073,8,200.000,AMGN200320P00200000,0.79,0,0.77,0.92,0,0.2863,-0.0867,0.0074,232
03/20/2020,AMGN200320C00205000,22.4,-2.5,21.7,23.4,1,0.2647,0.8742,0.0101,4,205.000,AMGN200320P00205000,1.28,0.095,1.2,1.44,506,0.2693,-0.1228,0.0101,735
03/20/2020,AMGN200320C00210000,19.62,0,16.95,19.05,0,0.2551,0.8173,0.0136,69,210.000,AMGN200320P00210000,1.97,0.23,1.77,1.97,19,0.2555,-0.1755,0.0136,374
03/20/2020,AMGN200320C00215000,14.1,-1.8,12.75,14.25,15,0.2294,0.756,0.0181,49,215.000,AMGN200320P00215000,3.11,0.55,2.74,2.94,17,0.2462,-0.2504,0.0173,223
03/20/2020,AMGN200320C00220000,10.05,-2.175,10.2,10.6,20,0.2301,0.6519,0.0214,341,220.000,AMGN200320P00220000,4.6,0.8,4.15,4.45,13,0.2426,-0.3471,0.0204,303
03/20/2020,AMGN200320C00225000,7.32,-1.53,7.2,7.5,78,0.226,0.5379,0.0235,269,225.000,AMGN200320P00225000,6.55,1.075,6.05,6.4,10,0.2325,-0.4554,0.0228,402
03/20/2020,AMGN200320C00230000,4.8,-1.275,4.65,4.9,24,0.2189,0.4172,0.0239,611,230.000,AMGN200320P00230000,8.65,0.975,8.45,8.85,11,0.2246,-0.573,0.0233,274
03/20/2020,AMGN200320C00235000,2.81,-1.04,2.62,2.91,28,0.207,0.2942,0.0223,362,235.000,AMGN200320P00235000,12.45,1.975,11.5,11.85,10,0.2132,-0.6926,0.0219,327
03/20/2020,AMGN200320C00240000,1.45,-0.72,1.41,1.59,67,0.1994,0.1879,0.0181,916,240.000,AMGN200320P00240000,14.44,0,15.25,16.7,0,0.2137,-0.7876,0.0179,344
03/20/2020,AMGN200320C00245000,0.69,-0.49,0.7,0.83,11,0.194,0.1082,0.0129,330,245.000,AMGN200320P00245000,19.55,0,18.7,20.9,0,0.1991,-0.8791,0.013,38
03/20/2020,AMGN200320C00250000,0.41,-0.17,0.27,0.4,13,0.1888,0.0549,0.0079,428,250.000,AMGN200320P00250000,37.4,0,22.55,26.35,0,0.218,-0.909,0.0095,6
03/20/2020,AMGN200320C00255000,0.17,-0.085,0.05,0.21,12,0.1855,0.0251,0.0043,58,255.000,AMGN200320P00255000,0,0,27.5,31.25,0,0.2406,-0.9254,0.0073,0
03/20/2020,AMGN200320C00260000,0.24,0,0,0.31,0,0.2175,0.0266,0.0038,49,260.000,AMGN200320P00260000,0,0,32.05,36.5,0,0.2653,-0.9349,0.0059,0
03/20/2020,AMGN200320C00265000,0.34,0,0,0.27,0,0.2356,0.0214,0.0029,1,265.000,AMGN200320P00265000,0,0,37.1,41.5,0,0.2957,-0.9378,0.0051,0
03/20/2020,AMGN200320C00270000,0.01,0,0,0.23,0,0.2527,0.0174,0.0023,1,270.000,AMGN200320P00270000,0,0,42.1,46.65,0,0.322,-0.9422,0.0044,0
03/20/2020,AMGN200320C00275000,0.14,0,0,0.2,0,0.2694,0.0145,0.0018,1,275.000,AMGN200320P00275000,0,0,47.05,51.5,0,0.3511,-0.9437,0.0039,0
03/20/2020,AMGN200320C00280000,0.02,0,0,0.17,0,0.2842,0.012,0.0015,6,280.000,AMGN200320P00280000,0,0,52.1,56.5,0,0.3804,-0.9445,0.0036,0
03/20/2020,AMGN200320C00285000,0,0,0,0.16,0,0.302,0.0107,0.0013,0,285.000,AMGN200320P00285000,0,0,57.05,61.5,0,0.3938,-0.9518,0.003,0
03/20/2020,AMGN200320C00290000,0,0,0,0.15,0,0.3195,0.0098,0.0011,0,290.000,AMGN200320P00290000,0,0,62.05,66.5,0,0.4186,-0.9533,0.0027,0
03/20/2020,AMGN200320C00295000,0,0,0,0.14,0,0.3357,0.0088,0.001,0,295.000,AMGN200320P00295000,0,0,67.15,71.7,0,0.4428,-0.9545,0.0025,0
03/20/2020,AMGN200320C00300000,0,0,0,0.13,0,0.3507,0.0079,0.0008,0,300.000,AMGN200320P00300000,0,0,72.05,76.5,0,0.4639,-0.9565,0.0023,0
03/20/2020,AMGN200320C00305000,0,0,0,0.11,0,0.3604,0.0065,0.0007,0,305.000,AMGN200320P00305000,0,0,77.2,81.7,0,0.496,-0.9544,0.0023,0
03/20/2020,AMGN200320C00310000,0,0,0,0.11,0,0.3779,0.0063,0.0006,0,310.000,AMGN200320P00310000,0,0,82.15,86.7,0,0.5189,-0.9553,0.0021,0
03/20/2020,AMGN200320C00315000,0,0,0,0.1,0,0.3902,0.0056,0.0005,0,315.000,AMGN200320P00315000,0,0,87.15,91.5,0,0.5408,-0.9562,0.002,0
03/20/2020,AMGN200320C00320000,0,0,0,0.09,0,0.4014,0.0049,0.0005,0,320.000,AMGN200320P00320000,0,0,92.1,96.5,0,0.5629,-0.9569,0.0019,0
03/20/2020,AMGN200320C00325000,0,0,0,0.08,0,0.4147,0.0045,0.0004,0,325.000,AMGN200320P00325000,0,0,97.15,101.55,0,0.5845,-0.9575,0.0018,0
03/20/2020,AMGN200320C00330000,0,0,0,0.08,0,0.429,0.0043,0.0004,0,330.000,AMGN200320P00330000,0,0,102.05,106.5,0,0.599,-0.9598,0.0017,0
03/20/2020,AMGN200320C00335000,0,0,0,0.07,0,0.4373,0.0037,0.0003,0,335.000,AMGN200320P00335000,0,0,107.05,111.5,0,0.6196,-0.9603,0.0016,0
03/20/2020,AMGN200320C00340000,0,0,0,0.07,0,0.4533,0.0037,0.0003,0,340.000,AMGN200320P00340000,0,0,111.9,116.45,0,0.6467,-0.9591,0.0016,0
03/20/2020,AMGN200320C00345000,0,0,0,0.07,0,0.4675,0.0036,0.0003,0,345.000,AMGN200320P00345000,0,0,117,121.5,0,0.6624,-0.9605,0.0015,0
03/27/2020,AMGN200327C00200000,0,0,26.55,28.85,0,0.2676,0.9078,0.0073,0,200.000,AMGN200327P00200000,1.1,0.13,0.21,2.24,10,0.2905,-0.1034,0.0077,10
03/27/2020,AMGN200327C00205000,0,0,21.55,24,0,0.2504,0.8737,0.0099,0,205.000,AMGN200327P00205000,0,0,0.61,1.98,0,0.2723,-0.1389,0.0101,0
03/27/2020,AMGN200327C00210000,0,0,17,19.9,0,0.2436,0.8164,0.0132,0,210.000,AMGN200327P00210000,0,0,1.65,3.05,0,0.2593,-0.1913,0.013,0
03/27/2020,AMGN200327C00212500,0,0,15.85,17.05,0,0.2371,0.7842,0.015,0,212.500,AMGN200327P00212500,2.29,0,1.98,3.6,0,0.255,-0.2249,0.0145,1
03/27/2020,AMGN200327C00215000,16.11,0,13.8,15.4,0,0.2355,0.7433,0.0167,2,215.000,AMGN200327P00215000,0,0,2.49,3.75,0,0.2441,-0.2581,0.0164,0
03/27/2020,AMGN200327C00217500,0,0,11.9,13.45,0,0.2329,0.6981,0.0183,0,217.500,AMGN200327P00217500,0,0,3,4.95,0,0.2386,-0.299,0.018,0
03/27/2020,AMGN200327C00220000,0,0,10,11.5,0,0.2256,0.6525,0.0201,0,220.000,AMGN200327P00220000,4.6,0.475,3.7,5.55,11,0.2339,-0.345,0.0194,6
03/27/2020,AMGN200327C00222500,0,0,8.3,10.3,0,0.2226,0.6017,0.0213,0,222.500,AMGN200327P00222500,0,0,4.55,6.7,0,0.2317,-0.396,0.0205,0
03/27/2020,AMGN200327C00225000,0,0,6.9,8.7,0,0.2203,0.5469,0.0221,0,225.000,AMGN200327P00225000,6.92,1.02,5.65,7.7,8,0.2234,-0.4483,0.0218,10
03/27/2020,AMGN200327C00227500,6.46,-1.115,5.55,7.45,1,0.212,0.4895,0.0232,1,227.500,AMGN200327P00227500,8.1,1.375,7,7.95,7,0.2198,-0.5047,0.0224,7
03/27/2020,AMGN200327C00230000,0,0,5,5.65,0,0.2124,0.4324,0.0228,0,230.000,AMGN200327P00230000,8.9,0.75,8.8,9.2,2,0.2252,-0.5566,0.0216,4
03/27/2020,AMGN200327C00232500,4.21,-1.09,3.35,5.1,1,0.2067,0.3731,0.0226,1,232.500,AMGN200327P00232500,10.9,1.675,9.55,10.65,4,0.2141,-0.6161,0.0219,4
03/27/2020,AMGN200327C00235000,4.42,0,2.43,4.25,0,0.2063,0.3193,0.0214,1,235.000,AMGN200327P00235000,0,0,11.45,13.15,0,0.2113,-0.6706,0.021,0
03/27/2020,AMGN200327C00237500,0,0,1.8,3.5,0,0.2001,0.2627,0.0201,0,237.500,AMGN200327P00237500,0,0,12.4,15.25,0,0.2072,-0.7238,0.0197,0
03/27/2020,AMGN200327C00240000,1.74,-0.885,0.7,2.95,6,0.1908,0.2052,0.0184,7,240.000,AMGN200327P00240000,0,0,14.5,17.15,0,0.2101,-0.7652,0.0178,0
03/27/2020,AMGN200327C00242500,0,0,0.37,2.32,0,0.192,0.1662,0.0161,0,242.500,AMGN200327P00242500,0,0,17.2,19.05,0,0.2124,-0.8022,0.0159,0
03/27/2020,AMGN200327C00245000,0.92,-0.415,0.12,1.86,11,0.1931,0.1329,0.0138,11,245.000,AMGN200327P00245000,0,0,18.95,21.1,0,0.2138,-0.8362,0.014,0
03/27/2020,AMGN200327C00247500,0,0,0.49,0.83,0,0.1862,0.0951,0.0112,0,247.500,AMGN200327P00247500,0,0,21.2,23.3,0,0.2208,-0.8581,0.0122,0
03/27/2020,AMGN200327C00250000,0,0,0.36,0.7,0,0.191,0.0774,0.0094,0,250.000,AMGN200327P00250000,0,0,22.6,26.85,0,0.2302,-0.8732,0.0108,0
03/27/2020,AMGN200327C00252500,0,0,0.24,0.38,0,0.18,0.0475,0.0068,0,252.500,AMGN200327P00252500,0,0,24.8,28.95,0,0.2435,-0.8824,0.0097,0
03/27/2020,AMGN200327C00255000,0,0,0.06,0.57,0,0.1991,0.0503,0.0064,0,255.000,AMGN200327P00255000,0,0,27.45,31.4,0,0.2559,-0.8907,0.0087,0
03/27/2020,AMGN200327C00257500,0,0,0.03,0.61,0,0.2126,0.0482,0.0058,0,257.500,AMGN200327P00257500,0,0,29.75,34,0,0.2677,-0.8983,0.0079,0
03/27/2020,AMGN200327C00260000,0.68,0,0,0.52,0,0.2148,0.0382,0.0048,2,260.000,AMGN200327P00260000,0,0,32.1,36.4,0,0.2808,-0.9036,0.0072,0
03/27/2020,AMGN200327C00265000,0,0,0,0.24,0,0.2245,0.0268,0.0034,0,265.000,AMGN200327P00265000,0,0,37.05,41.7,0,0.3117,-0.9083,0.0062,0
03/27/2020,AMGN200327C00270000,0,0,0,0.27,0,0.2357,0.0198,0.0025,0,270.000,AMGN200327P00270000,0,0,42.05,46.5,0,0.3397,-0.9134,0.0055,0
04/17/2020,AMGN200417C00115000,0,0,110.05,114.45,0,0.02,1,0.001,0,115.000,AMGN200417P00115000,0.11,0,0,0.09,0,0.5875,-0.0024,0.0001,111
04/17/2020,AMGN200417C00120000,0,0,105.05,109.45,0,0.02,1,0,0,120.000,AMGN200417P00120000,0.12,0,0,0.13,0,0.5765,-0.0035,0.0002,29
04/17/2020,AMGN200417C00125000,0,0,100,104.45,0,0.02,1,0.0011,0,125.000,AMGN200417P00125000,0.19,0,0,0.17,0,0.5598,-0.0047,0.0002,1
04/17/2020,AMGN200417C00130000,86.25,0,95,99.45,0,0.02,1,0.0012,32,130.000,AMGN200417P00130000,0.05,0,0,0.23,0,0.5433,-0.0062,0.0003,32
04/17/2020,AMGN200417C00135000,85.54,0,90,94.45,0,0.02,1,0,0,135.000,AMGN200417P00135000,0.07,0,0,0.25,0,0.515,-0.007,0.0004,15
04/17/2020,AMGN200417C00140000,103.6,0,85.05,89.5,0,0.02,1,0,1,140.000,AMGN200417P00140000,0.2,0,0,0.25,0,0.4821,-0.0075,0.0004,32
04/17/2020,AMGN200417C00145000,97.45,0,79.9,84.3,0,0.02,1,0.0015,1,145.000,AMGN200417P00145000,0.2,0,0,0.26,0,0.4527,-0.0082,0.0005,10
04/17/2020,AMGN200417C00150000,87.75,0,75,79.45,0,0.02,1,0.0017,3,150.000,AMGN200417P00150000,0.41,0,0.05,0.29,0,0.4372,-0.0109,0.0007,85
04/17/2020,AMGN200417C00155000,0,0,70,74.45,0,0.02,1,0.0018,0,155.000,AMGN200417P00155000,0.35,0,0,0.32,0,0.4027,-0.0112,0.0007,48
04/17/2020,AMGN200417C00160000,72,0,65,69.45,0,0.02,1,0.002,1,160.000,AMGN200417P00160000,0.24,0,0,0.37,0,0.3804,-0.0134,0.0009,824
04/17/2020,AMGN200417C00165000,0,0,60,64.5,0,0.02,1,0,0,165.000,AMGN200417P00165000,0.31,0,0.04,0.43,0,0.364,-0.0175,0.0012,138
04/17/2020,AMGN200417C00170000,36.44,0,55.1,59.45,0,0.02,1,0.0024,3,170.000,AMGN200417P00170000,0.7,0,0.12,0.5,0,0.3491,-0.0231,0.0016,101
04/17/2020,AMGN200417C00175000,47,0,50,54.55,0,0.02,1,0.0028,193,175.000,AMGN200417P00175000,1.02,0,0.21,0.59,0,0.3333,-0.0302,0.0021,581
04/17/2020,AMGN200417C00180000,51.8,0,45.05,49.55,0,0.02,1,0.0031,37,180.000,AMGN200417P00180000,0.4,0,0.35,0.72,0,0.3196,-0.0404,0.0028,177
04/17/2020,AMGN200417C00185000,28.24,0,40.2,44.5,0,0.02,1,0.0035,123,185.000,AMGN200417P00185000,0.67,0,0.47,0.89,0,0.3016,-0.0515,0.0036,88
04/17/2020,AMGN200417C00190000,37.55,-2.025,35.2,39.55,2,0.02,1,0.0041,47,190.000,AMGN200417P00190000,0.81,0.01,0.77,0.93,86,0.2826,-0.0652,0.0046,250
04/17/2020,AMGN200417C00195000,32.03,-2.82,31.25,33.9,3,0.2729,0.9028,0.0061,51,195.000,AMGN200417P00195000,1.16,0.09,1.07,1.24,20,0.2709,-0.0886,0.0061,310
04/17/2020,AMGN200417C00200000,27.59,-2.285,26.65,29.5,1,0.2612,0.8717,0.0079,602,200.000,AMGN200417P00200000,1.6,0.12,1.35,1.67,28,0.2623,-0.1221,0.0079,847
04/17/2020,AMGN200417C00205000,25.4,0,22.3,25.15,0,0.2544,0.827,0.01,286,205.000,AMGN200417P00205000,2.19,0.155,2.11,2.27,18,0.2522,-0.1639,0.01,355
04/17/2020,AMGN200417C00210000,18.86,-2.59,17.6,19.95,12,0.2403,0.7777,0.0125,649,210.000,AMGN200417P00210000,2.93,0.145,2.87,3.15,22,0.2398,-0.2152,0.0125,482
04/17/2020,AMGN200417C00215000,20.87,0,13.85,15.9,0,0.2294,0.7122,0.015,453,215.000,AMGN200417P00215000,4.2,0.375,4.05,4.3,26,0.2333,-0.283,0.0148,516
04/17/2020,AMGN200417C00220000,11.95,-1.95,11.85,12.45,6,0.2178,0.6344,0.0175,1255,220.000,AMGN200417P00220000,5.65,0.4,5.55,5.95,28,0.2255,-0.362,0.017,508
04/17/2020,AMGN200417C00225000,9.06,-1.515,8.85,9.3,90,0.2153,0.5419,0.0188,595,225.000,AMGN200417P00225000,7.58,0.605,7.45,7.85,34,0.2183,-0.4513,0.0185,455
04/17/2020,AMGN200417C00230000,6.5,-1.3,6.3,6.65,29,0.2086,0.445,0.0193,1615,230.000,AMGN200417P00230000,10.01,0.81,9.75,10.35,33,0.212,-0.5477,0.019,605
04/17/2020,AMGN200417C00235000,4.4,-1.1,4.25,4.6,3,0.2021,0.3473,0.0187,260,235.000,AMGN200417P00235000,13.2,1.3,12.75,13.25,9,0.2073,-0.6413,0.0183,213
04/17/2020,AMGN200417C00240000,2.76,-0.94,2.65,2.99,22,0.1991,0.2589,0.0166,1891,240.000,AMGN200417P00240000,16.3,1.175,16.25,16.75,34,0.2039,-0.7282,0.0164,286
04/17/2020,AMGN200417C00245000,1.65,-0.755,1.58,1.94,10,0.1938,0.1804,0.0139,736,245.000,AMGN200417P00245000,17.55,0,19.3,21.9,0,0.1933,-0.8135,0.0139,23
04/17/2020,AMGN200417C00250000,0.93,-0.565,0.87,1.19,8,0.1906,0.1194,0.0107,1255,250.000,AMGN200417P00250000,27.2,0,23.75,26,0,0.2042,-0.8562,0.011,21
04/17/2020,AMGN200417C00255000,0.51,-0.345,0.51,0.78,5,0.1924,0.0801,0.0079,323,255.000,AMGN200417P00255000,17.55,0,27.7,31.5,0,0.2136,-0.889,0.0087,3
04/17/2020,AMGN200417C00260000,0.39,-0.135,0.2,0.41,2,0.184,0.0429,0.0051,700,260.000,AMGN200417P00260000,35.8,0,32.15,36.6,0,0.2336,-0.9021,0.0072,6
04/17/2020,AMGN200417C00265000,0.2,-0.08,0.14,0.25,10,0.194,0.0318,0.0038,258,265.000,AMGN200417P00265000,0,0,37.05,41.5,0,0.2529,-0.9125,0.0061,0
04/17/2020,AMGN200417C00270000,0.25,0,0,0.32,0,0.2014,0.0227,0.0027,147,270.000,AMGN200417P00270000,0,0,42.05,46.5,0,0.2735,-0.9193,0.0052,0
04/17/2020,AMGN200417C00275000,0.12,0,0,0.28,0,0.2153,0.0194,0.0023,24,275.000,AMGN200417P00275000,0,0,47.15,51.6,0,0.2986,-0.9207,0.0047,0
04/17/2020,AMGN200417C00280000,0.05,0,0,0.1,0,0.2018,0.0078,0.0011,156,280.000,AMGN200417P00280000,0,0,52.1,56.5,0,0.3148,-0.9277,0.0041,0
04/17/2020,AMGN200417C00285000,0.15,0,0,0.21,0,0.236,0.0129,0.0014,1,285.000,AMGN200417P00285000,0,0,57.05,61.5,0,0.3347,-0.9309,0.0037,0
04/17/2020,AMGN200417C00290000,0.09,0,0,0.18,0,0.248,0.0113,0.0012,45,290.000,AMGN200417P00290000,0,0,62,66.5,0,0.3552,-0.9331,0.0034,0
04/17/2020,AMGN200417C00295000,0,0,0,0.16,0,0.2588,0.0098,0.001,0,295.000,AMGN200417P00295000,0,0,67,71.5,0,0.3785,-0.933,0.0032,0
04/17/2020,AMGN200417C00300000,0.1,0,0,0.15,0,0.2708,0.0089,0.0009,221,300.000,AMGN200417P00300000,0,0,72.2,76.7,0,0.4025,-0.9324,0.0031,0
05/15/2020,AMGN200515C00130000,0,0,95.05,99.4,0,0.02,1,0.0013,0,130.000,AMGN200515P00130000,0.26,0,0,0.28,0,0.4667,-0.0073,0.0004,4
05/15/2020,AMGN200515C00135000,0,0,90.2,94.45,0,0.02,1,0.0014,0,135.000,AMGN200515P00135000,0,0,0,0.3,0,0.4416,-0.0082,0.0004,0
05/15/2020,AMGN200515C00140000,0,0,85,89.5,0,0.02,1,0,0,140.000,AMGN200515P00140000,0,0,0,0.34,0,0.4199,-0.0096,0.0005,0
05/15/2020,AMGN200515C00145000,0,0,80,84.4,0,0.02,1,0.0016,0,145.000,AMGN200515P00145000,0.23,0,0,0.39,0,0.3998,-0.0114,0.0006,17
05/15/2020,AMGN200515C00150000,0,0,75,79.4,0,0.02,1,0.0018,0,150.000,AMGN200515P00150000,0,0,0.07,0.45,0,0.3884,-0.0151,0.0008,0
05/15/2020,AMGN200515C00155000,0,0,70,74.4,0,0.02,1,0.0019,0,155.000,AMGN200515P00155000,0,0,0.15,0.52,0,0.3766,-0.0198,0.0011,0
05/15/2020,AMGN200515C00160000,0,0,65,69.45,0,0.02,1,0,0,160.000,AMGN200515P00160000,1.14,0,0.23,0.61,0,0.3625,-0.025,0.0014,81
05/15/2020,AMGN200515C00165000,48,0,60,64.4,0,0.02,1,0,0,165.000,AMGN200515P00165000,1.06,0,0.34,0.71,0,0.3503,-0.0323,0.0018,15
05/15/2020,AMGN200515C00170000,52.3,0,55.1,59.5,0,0.02,1,0.0027,1,170.000,AMGN200515P00170000,1.09,0,0.48,0.87,0,0.3361,-0.0404,0.0022,941
05/15/2020,AMGN200515C00175000,0,0,50.1,54.75,0,0.02,1,0.003,0,175.000,AMGN200515P00175000,2.05,0,0.66,0.87,0,0.3147,-0.0472,0.0027,45
05/15/2020,AMGN200515C00180000,0,0,45.25,49.6,0,0.02,1,0.0034,0,180.000,AMGN200515P00180000,1.88,0,0.92,1.28,0,0.3114,-0.0653,0.0035,104
05/15/2020,AMGN200515C00185000,43.4,0,41.2,44.3,0,0.3174,0.8951,0.0045,22,185.000,AMGN200515P00185000,1.64,0,1.2,1.6,0,0.3003,-0.0833,0.0044,78
05/15/2020,AMGN200515C00190000,0,0,36.3,39.15,0,0.2948,0.8795,0.0055,0,190.000,AMGN200515P00190000,1.72,0.09,1.63,1.82,5,0.2867,-0.1039,0.0054,120
05/15/2020,AMGN200515C00195000,23.8,0,32.6,34.05,0,0.2864,0.8495,0.0067,6,195.000,AMGN200515P00195000,2.31,0.18,2.16,2.43,5,0.2799,-0.1346,0.0067,260
05/15/2020,AMGN200515C00200000,26,0,27.95,29.8,0,0.2779,0.8134,0.008,377,200.000,AMGN200515P00200000,3.12,0.375,2.84,3.05,2,0.2695,-0.169,0.008,546
05/15/2020,AMGN200515C00205000,33.05,0,23.1,25.7,0,0.2701,0.7706,0.0094,239,205.000,AMGN200515P00205000,3.93,0.33,3.7,4.05,1,0.2607,-0.2121,0.0095,220
05/15/2020,AMGN200515C00210000,24.92,0,20.1,21.5,0,0.2576,0.723,0.0109,20,210.000,AMGN200515P00210000,4.65,0,4.8,5.25,0,0.2555,-0.2649,0.011,254
05/15/2020,AMGN200515C00215000,10.07,0,16.45,17.7,0,0.2454,0.6676,0.0125,15,215.000,AMGN200515P00215000,6.49,0.565,6.25,6.65,2,0.2464,-0.322,0.0125,128
05/15/2020,AMGN200515C00220000,14.65,-1.025,13.8,14.25,11,0.2371,0.6017,0.0138,106,220.000,AMGN200515P00220000,8.3,0.75,7.95,8.4,4,0.24,-0.388,0.0137,150
05/15/2020,AMGN200515C00225000,11.2,-1.3,10.85,11.25,3,0.2311,0.5294,0.0147,156,225.000,AMGN200515P00225000,9,0,10.05,10.5,0,0.2341,-0.4595,0.0145,195
05/15/2020,AMGN200515C00230000,8.15,-1.625,8.25,8.7,2,0.2256,0.4539,0.015,529,230.000,AMGN200515P00230000,10.47,0,12.55,12.95,0,0.2295,-0.5337,0.0148,159
05/15/2020,AMGN200515C00235000,8.32,0,6.15,6.6,0,0.2211,0.3785,0.0147,226,235.000,AMGN200515P00235000,24,0,15.5,16.05,0,0.2263,-0.6069,0.0144,108
05/15/2020,AMGN200515C00240000,4.35,-1.05,4.4,4.75,1,0.2128,0.3023,0.0141,420,240.000,AMGN200515P00240000,10.87,0,18.7,19.35,0,0.2266,-0.6735,0.0134,244
05/15/2020,AMGN200515C00245000,3.25,-0.575,3,3.4,8,0.2086,0.2342,0.0126,182,245.000,AMGN200515P00245000,15.05,0,22.4,23.05,0,0.223,-0.7376,0.0123,70
05/15/2020,AMGN200515C00250000,2.13,-0.52,1.99,2.24,104,0.2029,0.1736,0.0109,589,250.000,AMGN200515P00250000,16.05,0,26.3,28.3,0,0.2188,-0.796,0.0108,11
05/15/2020,AMGN200515C00255000,1.32,-0.485,1.31,1.56,90,0.2033,0.1296,0.0089,437,255.000,AMGN200515P00255000,21.26,0,30.35,31.85,0,0.2153,-0.8449,0.0091,10
05/15/2020,AMGN200515C00260000,1.57,0,0.81,1.13,0,0.2004,0.0909,0.007,382,260.000,AMGN200515P00260000,25.06,0,34.5,36.75,0,0.2223,-0.8728,0.0076,76
05/15/2020,AMGN200515C00265000,0.65,-0.09,0.51,0.66,1,0.1992,0.063,0.0053,59,265.000,AMGN200515P00265000,0,0,39.3,41.9,0,0.2475,-0.8763,0.0066,0
05/15/2020,AMGN200515C00270000,0.15,0,0.26,0.59,0,0.2025,0.046,0.0041,45,270.000,AMGN200515P00270000,0,0,43,47.2,0,0.2471,-0.9024,0.0055,0
05/15/2020,AMGN200515C00275000,1.26,0,0.11,0.46,0,0.2042,0.0324,0.0031,15,275.000,AMGN200515P00275000,0,0,47.75,52.2,0,0.2595,-0.9126,0.0048,0
05/15/2020,AMGN200515C00280000,0.18,0,0,0.39,0,0.2008,0.02,0.0021,28,280.000,AMGN200515P00280000,0,0,52.55,57,0,0.272,-0.9206,0.0042,0
05/15/2020,AMGN200515C00285000,0.05,0,0,0.3,0,0.2121,0.0177,0.0018,6,285.000,AMGN200515P00285000,0,0,57.55,62,0,0.2835,-0.9278,0.0037,0
05/15/2020,AMGN200515C00290000,0.83,0,0,0.27,0,0.2221,0.0154,0.0015,17,290.000,AMGN200515P00290000,0,0,62.25,66.8,0,0.2992,-0.9307,0.0033,0
05/15/2020,AMGN200515C00295000,0,0,0,0.26,0,0.2336,0.0143,0.0013,0,295.000,AMGN200515P00295000,0,0,67.2,71.8,0,0.3147,-0.9332,0.0031,0
05/15/2020,AMGN200515C00300000,0.15,0,0,0.25,0,0.2448,0.0132,0.0012,130,300.000,AMGN200515P00300000,0,0,72.55,76.8,0,0.3242,-0.9387,0.0028,0
06/19/2020,AMGN200619C00085000,0,0,140,144.55,0,0.02,1,0.0006,0,85.000,AMGN200619P00085000,0.02,0,0,0.1,0,0.6033,-0.0019,0.0001,48
06/19/2020,AMGN200619C00090000,0,0,135,139.45,0,0.02,1,0,0,90.000,AMGN200619P00090000,0.04,0,0,0.13,0,0.5846,-0.0025,0.0001,18
06/19/2020,AMGN200619C00095000,0,0,130,134.45,0,0.02,1,0.0007,0,95.000,AMGN200619P00095000,0.05,0,0,0.16,0,0.5656,-0.0031,0.0001,23
06/19/2020,AMGN200619C00100000,0,0,125,129.45,0,0.02,1,0.0008,0,100.000,AMGN200619P00100000,0,0,0,0.21,0,0.5501,-0.0041,0.0002,13
06/19/2020,AMGN200619C00105000,0,0,120,124.4,0,0.02,1,0.0008,0,105.000,AMGN200619P00105000,0.08,0,0,0.27,0,0.536,-0.0053,0.0002,21
06/19/2020,AMGN200619C00110000,93.57,0,115,119.45,0,0.02,1,0.0009,0,110.000,AMGN200619P00110000,0.85,0,0,0.28,0,0.5072,-0.0057,0.0002,27
06/19/2020,AMGN200619C00115000,0,0,110.05,114.45,0,0.02,1,0.001,0,115.000,AMGN200619P00115000,0.35,0,0,0.29,0,0.4806,-0.0062,0.0003,45
06/19/2020,AMGN200619C00120000,100.55,0,105,109.5,0,0.02,1,0,0,120.000,AMGN200619P00120000,0.09,0,0,0.3,0,0.4543,-0.0068,0.0003,29
06/19/2020,AMGN200619C00125000,101,0,100,104.45,0,0.02,1,0.0012,2,125.000,AMGN200619P00125000,1,0,0,0.34,0,0.4347,-0.0079,0.0004,49
06/19/2020,AMGN200619C00130000,112.99,0,95,99.45,0,0.02,1,0.0013,2,130.000,AMGN200619P00130000,0.15,0,0,0.38,0,0.415,-0.0092,0.0004,125
06/19/2020,AMGN200619C00135000,67.5,0,90,94.45,0,0.02,1,0.0014,0,135.000,AMGN200619P00135000,0.2,0,0.04,0.43,0,0.3996,-0.0113,0.0005,133
06/19/2020,AMGN200619C00140000,79.6,0,85,89.45,0,0.02,1,0.0015,0,140.000,AMGN200619P00140000,0.5,0,0.11,0.49,0,0.3894,-0.0148,0.0007,155
06/19/2020,AMGN200619C00145000,75.53,0,80,84.5,0,0.02,1,0.0016,0,145.000,AMGN200619P00145000,0.32,0,0.19,0.56,0,0.3778,-0.0188,0.0009,172
06/19/2020,AMGN200619C00150000,73.03,0,75,79.4,0,0.02,1,0.0018,2,150.000,AMGN200619P00150000,0.41,0,0.25,0.64,0,0.3637,-0.023,0.0011,411
06/19/2020,AMGN200619C00155000,0,0,70,74.5,0,0.02,1,0,0,155.000,AMGN200619P00155000,0.85,0,0.37,0.75,0,0.3503,-0.0283,0.0014,643
06/19/2020,AMGN200619C00160000,53,0,65,69.45,0,0.02,1,0.0021,4,160.000,AMGN200619P00160000,0.86,0,0.5,0.64,0,0.326,-0.0308,0.0016,231
06/19/2020,AMGN200619C00165000,67,0,60.05,64.5,0,0.02,1,0.0024,48,165.000,AMGN200619P00165000,1.63,0,0.7,1.03,0,0.3282,-0.0444,0.0021,804
06/19/2020,AMGN200619C00170000,68.77,0,55.15,59.55,0,0.02,1,0.0027,61,170.000,AMGN200619P00170000,0.89,0,0.87,1.22,0,0.3148,-0.0539,0.0026,509
06/19/2020,AMGN200619C00175000,65.52,0,50.3,54.6,0,0.2983,0.9231,0.0031,69,175.000,AMGN200619P00175000,1.46,0,1.12,1.44,0,0.2993,-0.0643,0.0031,1071
06/19/2020,AMGN200619C00180000,48.5,0,46.85,49.5,0,0.3032,0.8981,0.0039,98,180.000,AMGN200619P00180000,1.38,0,1.44,1.86,0,0.293,-0.0826,0.0038,680
06/19/2020,AMGN200619C00185000,42.4,-2.7,41.7,44.25,1,0.2931,0.8777,0.0047,347,185.000,AMGN200619P00185000,1.8,0,1.85,2.16,0,0.2834,-0.1026,0.0046,668
06/19/2020,AMGN200619C00190000,45.55,0,37.55,39.6,0,0.2851,0.852,0.0056,353,190.000,AMGN200619P00190000,2.48,0.15,2.37,2.63,5,0.2735,-0.1264,0.0056,584
06/19/2020,AMGN200619C00195000,39.03,0,33.1,34.45,0,0.2677,0.829,0.0066,475,195.000,AMGN200619P00195000,2.92,0,3,3.25,0,0.266,-0.1568,0.0066,1037
06/19/2020,AMGN200619C00200000,30.1,-1.6,28.6,30.75,3,0.2515,0.7998,0.0078,516,200.000,AMGN200619P00200000,4,0.325,3.8,4.15,5,0.2576,-0.1918,0.0078,1412
06/19/2020,AMGN200619C00205000,29,0,24.45,27.05,0,0.2529,0.7513,0.0089,649,205.000,AMGN200619P00205000,4.65,0,4.8,5.15,0,0.2523,-0.2348,0.0089,513
06/19/2020,AMGN200619C00210000,25.64,0,21.4,23.8,0,0.2473,0.703,0.01,826,210.000,AMGN200619P00210000,5.25,0,6.05,6.6,0,0.2454,-0.2825,0.0101,2604
06/19/2020,AMGN200619C00215000,19.65,0,18.25,19,0,0.2359,0.652,0.0113,133,215.000,AMGN200619P00215000,7.57,0.395,7.55,8.15,1,0.2402,-0.3367,0.0111,166
06/19/2020,AMGN200619C00220000,15,-1.825,15.05,15.55,2,0.229,0.5926,0.0123,1031,220.000,AMGN200619P00220000,8.6,0,9.35,9.9,0,0.234,-0.3954,0.012,728
06/19/2020,AMGN200619C00225000,13.31,0,12.1,12.65,0,0.2238,0.5284,0.0129,346,225.000,AMGN200619P00225000,10.4,0,11.5,11.95,0,0.2289,-0.4582,0.0126,262
06/19/2020,AMGN200619C00230000,9.9,-1.15,9.55,10.15,1,0.2191,0.4616,0.0132,1180,230.000,AMGN200619P00230000,13.05,0,13.95,14.5,0,0.2244,-0.5231,0.0129,344
06/19/2020,AMGN200619C00235000,10.1,0,7.4,7.9,0,0.2137,0.3937,0.0131,137,235.000,AMGN200619P00235000,14.15,0,16.8,17.45,0,0.2205,-0.588,0.0128,844
06/19/2020,AMGN200619C00240000,5.7,-0.925,5.5,6.05,34,0.2083,0.3281,0.0127,1073,240.000,AMGN200619P00240000,17.5,0,20,20.65,0,0.2174,-0.6505,0.0123,300
06/19/2020,AMGN200619C00245000,4.25,-0.825,4.1,4.55,4,0.2035,0.2653,0.0118,308,245.000,AMGN200619P00245000,18.75,0,23.5,24.1,0,0.2148,-0.7088,0.0114,46
06/19/2020,AMGN200619C00250000,2.92,-0.705,2.91,3.3,1,0.2017,0.2117,0.0105,7147,250.000,AMGN200619P00250000,18.1,0,27.25,28.45,0,0.2088,-0.7662,0.0104,3
06/19/2020,AMGN200619C00255000,2.51,0,2.01,2.47,0,0.1982,0.1624,0.0091,153,255.000,AMGN200619P00255000,0,0,30.75,32.75,0,0.2091,-0.8098,0.0091,0
06/19/2020,AMGN200619C00260000,1.44,-0.36,1.36,1.76,3,0.1967,0.1238,0.0076,803,260.000,AMGN200619P00260000,27.4,0,35.25,37.35,0,0.211,-0.8448,0.0078,2
06/19/2020,AMGN200619C00265000,0.95,-0.275,0.9,1.3,10,0.1961,0.093,0.0062,84,265.000,AMGN200619P00265000,0,0,40.15,41.55,0,0.2083,-0.8794,0.0065,0
06/19/2020,AMGN200619C00270000,0.8,0,0.55,0.97,0,0.1946,0.0677,0.0049,103,270.000,AMGN200619P00270000,0,0,44.75,46.7,0,0.2139,-0.8983,0.0055,0
06/19/2020,AMGN200619C00275000,0.79,0,0.34,0.73,0,0.196,0.0505,0.0039,28,275.000,AMGN200619P00275000,0,0,48,52.2,0,0.2274,-0.9057,0.0049,0
06/19/2020,AMGN200619C00280000,0.25,0,0.18,0.58,0,0.1971,0.0374,0.003,72,280.000,AMGN200619P00280000,0,0,52.95,57.2,0,0.2344,-0.9176,0.0042,0
06/19/2020,AMGN200619C00285000,0.8,0,0.12,0.49,0,0.2023,0.03,0.0025,8,285.000,AMGN200619P00285000,0,0,57.85,62,0,0.2483,-0.9213,0.0038,0
06/19/2020,AMGN200619C00290000,0.22,0,0.04,0.41,0,0.2042,0.0225,0.0019,12,290.000,AMGN200619P00290000,0,0,62.75,67,0,0.2522,-0.9321,0.0032,0
06/19/2020,AMGN200619C00295000,0.22,0,0,0.35,0,0.211,0.0192,0.0016,24,295.000,AMGN200619P00295000,0,0,67.6,71.8,0,0.2665,-0.9335,0.003,0
06/19/2020,AMGN200619C00300000,0.14,0,0,0.33,0,0.2177,0.0165,0.0014,33,300.000,AMGN200619P00300000,0,0,72.55,76.8,0,0.2744,-0.939,0.0027,0
07/17/2020,AMGN200717C00115000,0,0,110.1,114.4,0,0.02,1,0,0,115.000,AMGN200717P00115000,0.25,0,0,0.34,0,0.4474,-0.0072,0.0003,6
07/17/2020,AMGN200717C00120000,0,0,105,109.4,0,0.02,1,0.0011,0,120.000,AMGN200717P00120000,0,0,0.02,0.38,0,0.4292,-0.0085,0.0004,0
07/17/2020,AMGN200717C00125000,0,0,100,104.45,0,0.02,1,0.0012,0,125.000,AMGN200717P00125000,0,0,0.02,0.42,0,0.4105,-0.0099,0.0004,0
07/17/2020,AMGN200717C00130000,0,0,95,99.5,0,0.02,1,0,0,130.000,AMGN200717P00130000,0.35,0,0.08,0.48,0,0.3981,-0.0124,0.0005,2
07/17/2020,AMGN200717C00135000,0,0,90,94.45,0,0.02,1,0.0014,0,135.000,AMGN200717P00135000,0,0,0.15,0.54,0,0.3857,-0.0154,0.0007,0
07/17/2020,AMGN200717C00140000,0,0,85,89.35,0,0.02,1,0.0015,0,140.000,AMGN200717P00140000,0,0,0.24,0.61,0,0.3738,-0.0191,0.0008,0
07/17/2020,AMGN200717C00145000,0,0,80,84.45,0,0.02,1,0.0016,0,145.000,AMGN200717P00145000,0,0,0.3,0.7,0,0.361,-0.0234,0.001,0
07/17/2020,AMGN200717C00150000,0,0,75,79.5,0,0.02,1,0.0017,0,150.000,AMGN200717P00150000,0.5,0,0.41,0.78,0,0.348,-0.0282,0.0012,96
07/17/2020,AMGN200717C00155000,0,0,70,74.35,0,0.02,1,0.0019,0,155.000,AMGN200717P00155000,0.72,0,0.56,0.93,0,0.3366,-0.0347,0.0015,7
07/17/2020,AMGN200717C00160000,0,0,65,69.45,0,0.02,1,0.0021,0,160.000,AMGN200717P00160000,1.75,0,0.71,1.09,0,0.3251,-0.0423,0.0018,39
07/17/2020,AMGN200717C00165000,0,0,60.1,64.3,0,0.02,1,0,0,165.000,AMGN200717P00165000,1.45,0,0.91,1.24,0,0.3129,-0.0511,0.0022,26
07/17/2020,AMGN200717C00170000,0,0,55.35,59.6,0,0.02,1,0.0027,0,170.000,AMGN200717P00170000,1.24,0,1.16,1.43,0,0.3036,-0.0632,0.0027,64
07/17/2020,AMGN200717C00175000,0,0,51.25,54.4,0,0.3013,0.9048,0.0033,0,175.000,AMGN200717P00175000,2.83,0,1.47,1.71,0,0.2914,-0.0759,0.0033,25
07/17/2020,AMGN200717C00180000,52.1,0,46.6,49.3,0,0.2911,0.8877,0.004,10,180.000,AMGN200717P00180000,4.2,0,1.9,2.11,0,0.2852,-0.0953,0.004,27
07/17/2020,AMGN200717C00185000,0,0,42.15,44.25,0,0.2718,0.874,0.0047,0,185.000,AMGN200717P00185000,2.36,0,2.32,2.69,0,0.2777,-0.1168,0.0047,27
07/17/2020,AMGN200717C00190000,30.4,0,37.25,39.65,0,0.2649,0.8481,0.0056,1,190.000,AMGN200717P00190000,3.37,0.53,2.91,3.25,2,0.2676,-0.1406,0.0056,286
07/17/2020,AMGN200717C00195000,40.03,0,33.8,35.95,0,0.2499,0.824,0.0065,4,195.000,AMGN200717P00195000,6.33,0,3.65,4,0,0.2599,-0.1702,0.0065,317
07/17/2020,AMGN200717C00200000,30.03,-2.42,29.75,31.3,3,0.2488,0.784,0.0075,27,200.000,AMGN200717P00200000,4,0,4.5,5,0,0.2525,-0.2053,0.0075,100
07/17/2020,AMGN200717C00205000,31.82,0,25.8,28.25,0,0.2507,0.7383,0.0084,20,205.000,AMGN200717P00205000,7.05,0,5.6,6.05,0,0.2472,-0.246,0.0085,49
07/17/2020,AMGN200717C00210000,24.2,0,22.25,23.5,0,0.2411,0.6949,0.0094,46,210.000,AMGN200717P00210000,7.14,0.465,6.9,7.4,10,0.2406,-0.2912,0.0095,2280
07/17/2020,AMGN200717C00215000,24,0,19.2,19.95,0,0.2309,0.6459,0.0105,211,215.000,AMGN200717P00215000,8.8,0.625,8.45,9.1,31,0.2359,-0.3425,0.0103,130
07/17/2020,AMGN200717C00220000,16.5,-1.45,16,16.75,5,0.2249,0.591,0.0113,213,220.000,AMGN200717P00220000,12.65,0,10.35,10.85,0,0.2299,-0.3964,0.0111,182
07/17/2020,AMGN200717C00225000,14.77,0,13.2,13.85,0,0.2206,0.5312,0.0119,183,225.000,AMGN200717P00225000,12.65,0.75,12.4,13.1,3,0.2246,-0.455,0.0117,218
07/17/2020,AMGN200717C00230000,10.83,-1.47,10.6,11.2,3,0.2157,0.4705,0.0122,469,230.000,AMGN200717P00230000,14.85,0,14.85,15.45,0,0.2207,-0.5149,0.0119,2390
07/17/2020,AMGN200717C00235000,8.45,-1.35,8.45,9,10,0.2107,0.4083,0.0122,75,235.000,AMGN200717P00235000,17.9,0,17.65,18.35,0,0.2174,-0.574,0.0118,235
07/17/2020,AMGN200717C00240000,7.71,0,6.5,7.1,0,0.2066,0.3471,0.0118,137,240.000,AMGN200717P00240000,32.8,0,20.75,21.45,0,0.2143,-0.6324,0.0115,107
07/17/2020,AMGN200717C00245000,5,-0.9,4.95,5.4,1,0.2028,0.2893,0.0112,110,245.000,AMGN200717P00245000,16,0,24.2,24.75,0,0.2111,-0.688,0.0109,17
07/17/2020,AMGN200717C00250000,3.7,-0.775,3.7,4.15,18,0.1995,0.236,0.0103,186,250.000,AMGN200717P00250000,21,0,27.95,28.6,0,0.2094,-0.7382,0.01,13
07/17/2020,AMGN200717C00255000,2.97,0,2.66,3.1,0,0.1968,0.1886,0.0091,849,255.000,AMGN200717P00255000,31.4,0,31.55,33.3,0,0.2006,-0.7933,0.0091,3
07/17/2020,AMGN200717C00260000,2.07,-0.35,1.88,2.25,5,0.1946,0.1481,0.0079,90,260.000,AMGN200717P00260000,0,0,35.55,37.7,0,0.2026,-0.8277,0.008,0
07/17/2020,AMGN200717C00265000,2.36,0,1.33,1.74,0,0.1937,0.1152,0.0067,62,265.000,AMGN200717P00265000,31.55,0,40,42.2,0,0.2078,-0.8535,0.0069,18
07/17/2020,AMGN200717C00270000,1.25,0,0.89,1.31,0,0.1916,0.0866,0.0055,148,270.000,AMGN200717P00270000,33.64,0,44.15,47.05,0,0.2116,-0.8756,0.006,2
07/17/2020,AMGN200717C00275000,0.68,0,0.61,0.89,0,0.192,0.0663,0.0045,20,275.000,AMGN200717P00275000,0,0,49,52.15,0,0.2135,-0.8964,0.0051,0
07/17/2020,AMGN200717C00280000,0.66,0,0.41,0.79,0,0.1937,0.0516,0.0036,283,280.000,AMGN200717P00280000,0,0,53,57.2,0,0.2312,-0.8972,0.0047,0
07/17/2020,AMGN200717C00285000,0.63,0,0.27,0.63,0,0.1958,0.0402,0.0029,11,285.000,AMGN200717P00285000,48.58,0,57.8,62,0,0.2378,-0.9083,0.0041,3
07/17/2020,AMGN200717C00290000,0.38,0,0.11,0.5,0,0.1937,0.0284,0.0022,8,290.000,AMGN200717P00290000,0,0,62.8,67,0,0.2477,-0.9145,0.0037,0
07/17/2020,AMGN200717C00295000,0,0,0.07,0.46,0,0.2002,0.0245,0.0019,0,295.000,AMGN200717P00295000,0,0,67.6,71.8,0,0.2595,-0.918,0.0034,0
07/17/2020,AMGN200717C00300000,0.77,0,0.04,0.4,0,0.2046,0.0203,0.0016,1,300.000,AMGN200717P00300000,0,0,72.5,76.8,0,0.271,-0.9212,0.0031,0
07/17/2020,AMGN200717C00305000,0.73,0,0,0.36,0,0.2085,0.0167,0.0013,22,305.000,AMGN200717P00305000,0,0,77.4,81.8,0,0.2808,-0.925,0.0029,0
07/17/2020,AMGN200717C00310000,0.12,0,0,0.33,0,0.2154,0.015,0.0012,1,310.000,AMGN200717P00310000,0,0,82.55,86.8,0,0.2927,-0.9267,0.0027,0
07/17/2020,AMGN200717C00315000,0,0,0,0.29,0,0.2218,0.0135,0.001,0,315.000,AMGN200717P00315000,0,0,87.4,91.75,0,0.303,-0.9291,0.0025,0
07/17/2020,AMGN200717C00320000,0.3,0,0,0.25,0,0.2265,0.0116,0.0009,3,320.000,AMGN200717P00320000,0,0,92.3,96.75,0,0.3132,-0.9313,0.0024,0
10/16/2020,AMGN201016C00125000,0,0,100.05,104.45,0,0.02,1,0.0012,0,125.000,AMGN201016P00125000,0,0,0,1.12,0,0.3746,-0.0195,0.0007,0
10/16/2020,AMGN201016C00130000,0,0,95,99.35,0,0.02,1,0.0013,0,130.000,AMGN201016P00130000,0.95,0,0.14,1.57,0,0.3801,-0.0278,0.0009,15
10/16/2020,AMGN201016C00135000,0,0,90,94.45,0,0.02,1,0.0014,0,135.000,AMGN201016P00135000,0,0,0.36,1.6,0,0.3359,-0.0233,0.0009,0
10/16/2020,AMGN201016C00140000,0,0,85.15,89.45,0,0.02,1,0.0015,0,140.000,AMGN201016P00140000,1.65,0,0.01,1.76,0,0.3356,-0.0313,0.0011,3
10/16/2020,AMGN201016C00145000,0,0,80.2,84.45,0,0.02,1,0.0017,0,145.000,AMGN201016P00145000,1.3,0,0.15,2.6,0,0.3461,-0.0454,0.0015,3
10/16/2020,AMGN201016C00150000,0,0,75.15,79.35,0,0.02,1,0,0,150.000,AMGN201016P00150000,1.55,0,0.31,2.49,0,0.3176,-0.0457,0.0016,3
10/16/2020,AMGN201016C00155000,0,0,70.2,74.5,0,0.02,1,0.002,0,155.000,AMGN201016P00155000,1.38,0,0.54,2.12,0,0.3115,-0.056,0.0019,9
10/16/2020,AMGN201016C00160000,0,0,65.4,69.65,0,0.02,1,0.0023,0,160.000,AMGN201016P00160000,1.62,-0.025,1.1,2.48,10,0.3149,-0.073,0.0023,13
10/16/2020,AMGN201016C00165000,0,0,61,64.2,0,0.299,0.8978,0.0027,0,165.000,AMGN201016P00165000,1.75,0,1.09,2.37,0,0.2938,-0.0789,0.0027,6
10/16/2020,AMGN201016C00170000,0,0,56.25,59.65,0,0.2967,0.8794,0.0031,0,170.000,AMGN201016P00170000,2.65,0.305,1.87,2.92,4,0.2859,-0.0936,0.0031,31
10/16/2020,AMGN201016C00175000,0,0,51.6,55,0,0.2878,0.8629,0.0036,0,175.000,AMGN201016P00175000,2.76,0,2.37,3.45,0,0.2888,-0.1175,0.0036,15
10/16/2020,AMGN201016C00180000,41.32,0,47.3,50.55,0,0.2702,0.8499,0.0041,1,180.000,AMGN201016P00180000,5.55,0,2.48,5.05,0,0.2714,-0.1309,0.0041,5
10/16/2020,AMGN201016C00185000,48.6,0,43.45,45.4,0,0.2645,0.8262,0.0047,11,185.000,AMGN201016P00185000,4.33,0,3.8,5.4,0,0.2733,-0.1597,0.0047,47
10/16/2020,AMGN201016C00190000,28.91,0,38.8,42.35,0,0.2631,0.7964,0.0053,1,190.000,AMGN201016P00190000,5.15,0,4.7,6.25,0,0.2654,-0.1847,0.0053,11
10/16/2020,AMGN201016C00195000,0,0,34.75,38,0,0.2579,0.7668,0.006,0,195.000,AMGN201016P00195000,7.3,0,6.05,7.6,0,0.2594,-0.214,0.0059,10
10/16/2020,AMGN201016C00200000,0,0,30.8,34.35,0,0.2519,0.7343,0.0066,0,200.000,AMGN201016P00200000,11.2,0,6.1,9.5,0,0.2536,-0.2464,0.0066,56
10/16/2020,AMGN201016C00205000,0,0,27.2,30.95,0,0.2463,0.6984,0.0072,0,205.000,AMGN201016P00205000,11.9,0,7.5,10,0,0.2459,-0.2811,0.0072,7
10/16/2020,AMGN201016C00210000,19.86,0,23.9,27.35,0,0.2397,0.6601,0.0078,3,210.000,AMGN201016P00210000,14.6,0,8.9,12.5,0,0.2408,-0.3201,0.0078,19
10/16/2020,AMGN201016C00215000,25.05,0,20.85,23.45,0,0.2343,0.6178,0.0084,4,215.000,AMGN201016P00215000,0,0,10.6,14.1,0,0.2358,-0.3619,0.0084,0
10/16/2020,AMGN201016C00220000,20.5,0,17.5,21.25,0,0.2291,0.5738,0.0089,56,220.000,AMGN201016P00220000,16.1,0,12.55,16.15,0,0.231,-0.4061,0.0088,22
10/16/2020,AMGN201016C00225000,11.03,0,15,17.95,0,0.2247,0.5273,0.0092,5,225.000,AMGN201016P00225000,0,0,14.8,17.95,0,0.226,-0.4524,0.0092,0
10/16/2020,AMGN201016C00230000,14,-1.3,12.3,14.95,1,0.2205,0.4795,0.0094,135,230.000,AMGN201016P00230000,20.95,0,17.45,20.85,0,0.221,-0.5001,0.0094,9
10/16/2020,AMGN201016C00235000,15.4,0,10,13.7,0,0.2158,0.4308,0.0095,66,235.000,AMGN201016P00235000,20,0,19.95,23.5,0,0.2176,-0.548,0.0095,4
10/16/2020,AMGN201016C00240000,13.2,0,7.8,10.7,0,0.2115,0.3823,0.0095,42,240.000,AMGN201016P00240000,31.5,0,22.8,26.5,0,0.2138,-0.5958,0.0094,3
10/16/2020,AMGN201016C00245000,9.54,0,6.85,9.25,0,0.2063,0.3335,0.0093,48,245.000,AMGN201016P00245000,0,0,26.45,29.8,0,0.2103,-0.6423,0.0091,0
10/16/2020,AMGN201016C00250000,8.25,0,5.65,8.25,0,0.2028,0.288,0.0089,32,250.000,AMGN201016P00250000,0,0,30.3,33.15,0,0.2071,-0.6873,0.0087,0
10/16/2020,AMGN201016C00255000,5.85,0,3.45,6.7,0,0.2003,0.2462,0.0083,10,255.000,AMGN201016P00255000,0,0,33.65,36.8,0,0.2054,-0.7271,0.0082,0
10/16/2020,AMGN201016C00260000,3.8,-0.65,3.75,4.9,1,0.1993,0.2097,0.0076,11,260.000,AMGN201016P00260000,0,0,37.1,40.7,0,0.2044,-0.7633,0.0076,0
10/16/2020,AMGN201016C00265000,3.07,-0.455,2.16,4.9,5,0.1904,0.1655,0.0069,5,265.000,AMGN201016P00265000,0,0,41.25,44.85,0,0.2033,-0.7961,0.0069,0
10/16/2020,AMGN201016C00270000,2.22,0,0.88,2.82,0,0.1938,0.1427,0.0062,5,270.000,AMGN201016P00270000,0,0,45.85,48.9,0,0.1969,-0.8332,0.0062,0
10/16/2020,AMGN201016C00280000,1.3,-0.365,0.94,1.56,3,0.187,0.0891,0.0046,17,280.000,AMGN201016P00280000,0,0,54.35,57.6,0,0.2039,-0.8692,0.0049,0
10/16/2020,AMGN201016C00290000,0,0,0.5,1.53,0,0.187,0.0579,0.0033,0,290.000,AMGN201016P00290000,0,0,63.5,67.6,0,0.2035,-0.904,0.0037,0
01/15/2021,AMGN210115C00085000,125.56,0,140,144.8,0,0.02,1,0.0006,0,85.000,AMGN210115P00085000,0.17,0,0.15,0.48,0,0.4629,-0.008,0.0002,297
01/15/2021,AMGN210115C00090000,120.13,0,135,139.8,0,0.02,1,0.0007,0,90.000,AMGN210115P00090000,0.35,0,0.1,0.5,0,0.4367,-0.0084,0.0002,153
01/15/2021,AMGN210115C00095000,0,0,130,134.8,0,0.02,1,0.0007,0,95.000,AMGN210115P00095000,0.4,0,0.19,0.59,0,0.4269,-0.0106,0.0003,185
01/15/2021,AMGN210115C00100000,139.48,0,125,129.8,0,0.02,1,0.0008,16,100.000,AMGN210115P00100000,0.5,0.01,0.27,0.69,1,0.4166,-0.0131,0.0004,463
01/15/2021,AMGN210115C00105000,115.55,0,120,124.8,0,0.02,1,0.0009,6,105.000,AMGN210115P00105000,0.65,0,0.36,0.77,0,0.4041,-0.0156,0.0004,229
01/15/2021,AMGN210115C00110000,110.35,0,115,119.8,0,0.02,1,0.0009,0,110.000,AMGN210115P00110000,0.7,0,0.47,0.88,0,0.3927,-0.0186,0.0005,304
01/15/2021,AMGN210115C00115000,105.4,0,110,114.8,0,0.02,1,0.001,0,115.000,AMGN210115P00115000,0.78,0,0.59,0.94,0,0.3794,-0.0216,0.0006,125
01/15/2021,AMGN210115C00120000,95.28,0,105,109.8,0,0.02,1,0.0011,7,120.000,AMGN210115P00120000,0.8,0,0.73,1.07,0,0.37,-0.0259,0.0007,110
01/15/2021,AMGN210115C00125000,95.8,0,100,104.8,0,0.02,1,0.0012,0,125.000,AMGN210115P00125000,1.09,0,0.88,1.23,0,0.3597,-0.0306,0.0009,381
01/15/2021,AMGN210115C00130000,94.7,0,95,99.8,0,0.02,1,0.0013,1,130.000,AMGN210115P00130000,1.98,0,1.07,1.46,0,0.3509,-0.0363,0.001,340
01/15/2021,AMGN210115C00135000,82.75,0,90,94.8,0,0.02,1,0.0014,29,135.000,AMGN210115P00135000,1.45,-0.05,1.29,1.66,15,0.3414,-0.0426,0.0012,206
01/15/2021,AMGN210115C00140000,99.75,0,85,89.8,0,0.02,1,0.0016,71,140.000,AMGN210115P00140000,2.45,0,1.55,1.87,0,0.3333,-0.0503,0.0014,392
01/15/2021,AMGN210115C00145000,85.85,0,80,84.8,0,0.02,1,0.0017,28,145.000,AMGN210115P00145000,1.8,0,1.85,2.18,0,0.3231,-0.058,0.0016,311
01/15/2021,AMGN210115C00150000,83,0,75,79.8,0,0.02,1,0.0019,29,150.000,AMGN210115P00150000,2.33,0.135,1.97,2.5,3,0.3169,-0.0687,0.0019,1468
01/15/2021,AMGN210115C00155000,88.2,0,70.85,74.4,0,0.3099,0.8937,0.0022,4,155.000,AMGN210115P00155000,2.94,0,2.61,2.97,0,0.3104,-0.0806,0.0022,481
01/15/2021,AMGN210115C00160000,73.1,0,65.95,70.15,0,0.2986,0.8831,0.0025,44,160.000,AMGN210115P00160000,3.09,0,3.05,3.35,0,0.3013,-0.0925,0.0025,700
01/15/2021,AMGN210115C00165000,49.16,0,61.35,65.1,0,0.2907,0.8691,0.0028,37,165.000,AMGN210115P00165000,3.87,0.295,3.6,4,1,0.2951,-0.1077,0.0028,734
01/15/2021,AMGN210115C00170000,47.3,0,57.15,60.05,0,0.2841,0.8526,0.0032,166,170.000,AMGN210115P00170000,3.95,0,4.25,4.65,0,0.2886,-0.1241,0.0032,824
01/15/2021,AMGN210115C00175000,43,0,52.9,56.45,0,0.2764,0.835,0.0036,125,175.000,AMGN210115P00175000,5.05,0,4.95,5.45,0,0.2823,-0.1427,0.0036,485
01/15/2021,AMGN210115C00180000,38.25,0,48.4,52.2,0,0.2719,0.8133,0.0041,258,180.000,AMGN210115P00180000,5.2,0,5.75,6.3,0,0.2767,-0.1638,0.004,721
01/15/2021,AMGN210115C00185000,47.1,0,44.65,48.15,0,0.2661,0.7903,0.0045,414,185.000,AMGN210115P00185000,6.9,0,6.7,7.3,0,0.2719,-0.1873,0.0045,721
01/15/2021,AMGN210115C00190000,48.03,0,40.7,44,0,0.2608,0.7647,0.005,709,190.000,AMGN210115P00190000,7.29,0,7.8,8.35,0,0.2658,-0.2124,0.0049,729
01/15/2021,AMGN210115C00195000,27.65,0,36.8,40.1,0,0.2555,0.737,0.0054,369,195.000,AMGN210115P00195000,9,0,9,9.65,0,0.261,-0.2402,0.0054,924
01/15/2021,AMGN210115C00200000,35.25,-1.475,33.3,37,3,0.2517,0.7063,0.0059,436,200.000,AMGN210115P00200000,10.77,0.72,10.35,10.8,1,0.2566,-0.2699,0.0058,1007
01/15/2021,AMGN210115C00205000,33.4,0,29.85,33.1,0,0.2463,0.674,0.0063,538,205.000,AMGN210115P00205000,11.03,0,11.9,12.5,0,0.2525,-0.3023,0.0062,529
01/15/2021,AMGN210115C00210000,28.4,-1.525,28.25,28.75,3,0.2425,0.6394,0.0067,620,210.000,AMGN210115P00210000,12.35,0,13.65,14.25,0,0.2477,-0.3356,0.0066,926
01/15/2021,AMGN210115C00215000,29.5,0,24.85,25.65,0,0.2388,0.6033,0.0071,183,215.000,AMGN210115P00215000,15.75,0,15.45,16.15,0,0.2444,-0.3713,0.0069,422
01/15/2021,AMGN210115C00220000,26.4,0,22,22.85,0,0.2361,0.5657,0.0073,438,220.000,AMGN210115P00220000,16.6,0,17.55,18.35,0,0.24,-0.4083,0.0072,762
01/15/2021,AMGN210115C00225000,19.8,-1.2,19.5,20.1,1,0.2308,0.5268,0.0076,209,225.000,AMGN210115P00225000,18.25,0,19.85,20.7,0,0.2361,-0.4461,0.0075,627
01/15/2021,AMGN210115C00230000,17.1,-1.35,16.85,17.65,8,0.227,0.4871,0.0078,565,230.000,AMGN210115P00230000,21.82,0,22.3,23.35,0,0.2327,-0.485,0.0076,584
01/15/2021,AMGN210115C00240000,12.5,-1.3,12.6,13.2,11,0.2213,0.408,0.0078,1358,240.000,AMGN210115P00240000,29.45,0,27.95,28.85,0,0.2264,-0.5623,0.0077,240
01/15/2021,AMGN210115C00250000,9.46,-0.84,9.15,9.6,1,0.216,0.3319,0.0075,1108,250.000,AMGN210115P00250000,44,0,34.35,35.3,0,0.222,-0.6361,0.0074,174
01/15/2021,AMGN210115C00260000,7.23,0,6.4,6.95,0,0.2093,0.2593,0.007,228,260.000,AMGN210115P00260000,41.45,0,40.7,42.55,0,0.2179,-0.7042,0.0068,117
01/15/2021,AMGN210115C00270000,4.69,0,4.35,4.95,0,0.2044,0.1966,0.0061,352,270.000,AMGN210115P00270000,48.6,0,48.2,51.5,0,0.2115,-0.7678,0.0061,96
01/15/2021,AMGN210115C00280000,3.4,0,2.9,3.4,0,0.2045,0.1501,0.0052,794,280.000,AMGN210115P00280000,61.85,0,56.55,60.05,0,0.2086,-0.8185,0.0052,164
01/15/2021,AMGN210115C00290000,1.96,-0.29,1.91,2.33,1,0.2019,0.1093,0.0042,164,290.000,AMGN210115P00290000,54.35,0,65.1,68,0,0.2113,-0.8526,0.0043,1
01/15/2021,AMGN210115C00300000,1.3,-0.17,1.22,1.55,4,0.1998,0.0779,0.0033,362,300.000,AMGN210115P00300000,102.37,0,74.35,78.1,0,0.2108,-0.8834,0.0035,0
01/15/2021,AMGN210115C00310000,0.75,0,0.76,1.1,0,0.1989,0.0552,0.0025,47,310.000,AMGN210115P00310000,79.3,0,83.75,87.45,0,0.2034,-0.9143,0.0026,4
01/15/2021,AMGN210115C00320000,2.14,0,0.46,0.91,0,0.2018,0.0415,0.002,3,320.000,AMGN210115P00320000,0,0,93.1,97.5,0,0.2239,-0.9128,0.0024,0
01/15/2021,AMGN210115C00330000,0.4,0,0.26,0.71,0,0.2034,0.0304,0.0015,10,330.000,AMGN210115P00330000,0,0,102.7,107.5,0,0.2309,-0.9224,0.0021,0
01/21/2022,AMGN220121C00100000,131.15,0,125,130,0,0.02,1,0.0008,6,100.000,AMGN220121P00100000,1.9,0,0.67,1.85,0,0.3377,-0.0258,0.0006,450
01/21/2022,AMGN220121C00105000,114.9,0,119.5,124.5,0,0.02,1,0.0009,0,105.000,AMGN220121P00105000,2.01,0,0.62,3.4,0,0.3524,-0.0369,0.0007,371
01/21/2022,AMGN220121C00110000,107.62,0,115,120,0,0.02,1,0.001,0,110.000,AMGN220121P00110000,2.28,0,1.75,2.7,0,0.3411,-0.0415,0.0008,127
01/21/2022,AMGN220121C00115000,106.2,0,110,115,0,0.02,1,0.001,0,115.000,AMGN220121P00115000,2.28,0,1.11,2.98,0,0.3345,-0.0481,0.0009,80
01/21/2022,AMGN220121C00120000,119.55,0,105,110,0,0.02,1,0.0012,1,120.000,AMGN220121P00120000,2.43,0,2.46,3,0,0.3254,-0.0544,0.0011,71
01/21/2022,AMGN220121C00125000,109.9,0,100,105,0,0.02,1,0.0013,85,125.000,AMGN220121P00125000,3,0,2.87,3.45,0,0.3218,-0.0635,0.0012,109
01/21/2022,AMGN220121C00130000,99,0,95,100,0,0.02,1,0.0014,21,130.000,AMGN220121P00130000,4.8,0,2.14,5.55,0,0.3142,-0.0718,0.0014,10
01/21/2022,AMGN220121C00135000,82.63,0,89.5,94.5,0,0.02,1,0.0015,12,135.000,AMGN220121P00135000,5.39,0,2.62,4.8,0,0.3073,-0.0811,0.0015,8
01/21/2022,AMGN220121C00140000,0,0,85,89.75,0,0.291,0.8613,0.0017,0,140.000,AMGN220121P00140000,4.75,0,3.2,6.65,0,0.3005,-0.0912,0.0017,16
01/21/2022,AMGN220121C00145000,86.05,0,80.5,84.75,0,0.2776,0.854,0.0019,5,145.000,AMGN220121P00145000,5.4,0,5.1,7.5,0,0.2975,-0.1041,0.0019,10
01/21/2022,AMGN220121C00150000,64.94,0,76.35,80.25,0,0.2871,0.8338,0.0021,5,150.000,AMGN220121P00150000,6.25,0,4.45,8.25,0,0.2907,-0.116,0.0021,65
01/21/2022,AMGN220121C00155000,61.55,0,72.05,75.9,0,0.277,0.8227,0.0023,5,155.000,AMGN220121P00155000,6.85,-0.1,5.15,8.95,3,0.2854,-0.1296,0.0023,51
01/21/2022,AMGN220121C00160000,0,0,67.7,71.65,0,0.2709,0.8084,0.0025,0,160.000,AMGN220121P00160000,7.3,0,6.15,9.7,0,0.2803,-0.1442,0.0025,212
01/21/2022,AMGN220121C00165000,41.95,0,63.55,67.85,0,0.2664,0.7923,0.0028,1,165.000,AMGN220121P00165000,8.4,0,8.05,10.95,0,0.2751,-0.16,0.0027,54
01/21/2022,AMGN220121C00170000,65.95,0,59.55,63.4,0,0.2621,0.7749,0.003,7,170.000,AMGN220121P00170000,10.95,0,7.95,11.85,0,0.2706,-0.1772,0.003,139
01/21/2022,AMGN220121C00175000,56.45,0,55.55,59.6,0,0.2583,0.7562,0.0033,24,175.000,AMGN220121P00175000,12.2,0,9.1,13.1,0,0.2662,-0.1954,0.0032,41
01/21/2022,AMGN220121C00180000,43.6,0,51.85,55.75,0,0.2534,0.7368,0.0035,24,180.000,AMGN220121P00180000,13.35,0,10.25,14.5,0,0.262,-0.2148,0.0034,49
01/21/2022,AMGN220121C00185000,49.4,0,48.05,52.15,0,0.2496,0.7158,0.0038,4,185.000,AMGN220121P00185000,15.05,0,11.6,15.85,0,0.2584,-0.2355,0.0037,40
01/21/2022,AMGN220121C00190000,36.1,0,44.55,48.6,0,0.2464,0.6935,0.004,24,190.000,AMGN220121P00190000,19.9,0,13.1,17.35,0,0.2544,-0.257,0.0039,66
01/21/2022,AMGN220121C00195000,32.9,0,41.15,45.2,0,0.2424,0.6704,0.0042,4,195.000,AMGN220121P00195000,18.35,0,14.65,18.95,0,0.2509,-0.2797,0.0041,31
01/21/2022,AMGN220121C00200000,32,0,38.05,42.25,0,0.2389,0.6462,0.0045,45,200.000,AMGN220121P00200000,16.96,0,16.6,20.7,0,0.2471,-0.3031,0.0043,55
01/21/2022,AMGN220121C00205000,50.31,0,35.05,38.75,0,0.2355,0.6211,0.0047,19,205.000,AMGN220121P00205000,20,0,18.35,22.65,0,0.244,-0.3276,0.0045,6
01/21/2022,AMGN220121C00210000,27.6,0,32.1,35.8,0,0.2336,0.5952,0.0048,46,210.000,AMGN220121P00210000,21,0,20.35,24.6,0,0.2408,-0.3527,0.0047,20
01/21/2022,AMGN220121C00215000,22.5,0,29,33.4,0,0.2305,0.5686,0.005,32,215.000,AMGN220121P00215000,29.8,0,22.5,26.8,0,0.2376,-0.3784,0.0049,23
01/21/2022,AMGN220121C00220000,29.01,-1.165,26.55,30.8,1,0.2279,0.5417,0.0051,63,220.000,AMGN220121P00220000,27.27,0.845,26.25,28.45,1,0.2347,-0.4047,0.005,260
01/21/2022,AMGN220121C00225000,19,0,24.05,28.15,0,0.2253,0.5144,0.0053,70,225.000,AMGN220121P00225000,27.08,0,27.1,31.45,0,0.2318,-0.4313,0.0051,15
01/21/2022,AMGN220121C00230000,25.76,0,21.55,25.9,0,0.2233,0.487,0.0053,295,230.000,AMGN220121P00230000,34.8,0,30.05,34.05,0,0.2292,-0.4581,0.0052,5
01/21/2022,AMGN220121C00240000,19.99,-1.01,18,21.65,2,0.218,0.4317,0.0054,104,240.000,AMGN220121P00240000,46,0,35.3,39.45,0,0.2238,-0.512,0.0053,44
01/21/2022,AMGN220121C00250000,16.3,0,13.7,17.9,0,0.2141,0.3782,0.0054,111,250.000,AMGN220121P00250000,47.1,0,41.45,45.8,0,0.2203,-0.5639,0.0053,10
01/21/2022,AMGN220121C00260000,13.7,0,10.65,14.9,0,0.2103,0.3268,0.0052,88,260.000,AMGN220121P00260000,42.98,0,48.2,52.4,0,0.2154,-0.6153,0.0051,15
01/21/2022,AMGN220121C00270000,17.48,0,8.1,12.3,0,0.2066,0.2784,0.005,181,270.000,AMGN220121P00270000,54.88,0,55.3,59.4,0,0.2129,-0.6612,0.0049,153
01/21/2022,AMGN220121C00280000,7,0,5.85,10.1,0,0.2038,0.2346,0.0046,16,280.000,AMGN220121P00280000,0,0,62.9,66.95,0,0.2096,-0.7049,0.0046,0
01/21/2022,AMGN220121C00290000,7.15,0,5.35,7.5,0,0.2007,0.1947,0.0042,40,290.000,AMGN220121P00290000,0,0,70.85,75,0,0.2067,-0.7441,0.0042,0
01/21/2022,AMGN220121C00300000,5,-0.45,2.62,6.8,1,0.1982,0.16,0.0038,69,300.000,AMGN220121P00300000,0,0,79.15,83.45,0,0.205,-0.7776,0.0038,0
01/21/2022,AMGN220121C00310000,4.06,0,1.56,5.7,0,0.195,0.1289,0.0033,8,310.000,AMGN220121P00310000,97.3,0,88.05,91.95,0,0.2036,-0.8065,0.0034,3
01/21/2022,AMGN220121C00320000,3.15,0,0.92,4.65,0,0.1948,0.106,0.0029,113,320.000,AMGN220121P00320000,106.1,0,97,100.9,0,0.2032,-0.8304,0.003,5
01/21/2022,AMGN220121C00330000,0,0,1.53,3.7,0,0.1933,0.085,0.0025,0,330.000,AMGN220121P00330000,0,0,105.9,109.95,0,0.2029,-0.8505,0.0026,0
01/21/2022,AMGN220121C00340000,0,0,1.18,2.99,0,0.1922,0.0679,0.0021,0,340.000,AMGN220121P00340000,0,0,114.95,118.9,0,0.1979,-0.8732,0.0022,0
01/21/2022,AMGN220121C00350000,1.4,0.2,0.86,1.4,1,0.1892,0.0519,0.0017,26,350.000,AMGN220121P00350000,0,0,124.45,128.25,0,0.1972,-0.8875,0.0019,0
01/21/2022,AMGN220121C00360000,0,0,0,2.06,0,0.1929,0.045,0.0015,0,360.000,AMGN220121P00360000,0,0,133.6,137.5,0,0.2012,-0.8948,0.0017,0
