GILD (Gilead Sciences, Inc.),68.995,-0.14
Feb 11 2020 @ 08:33 ET,Bid,68.7,Ask,68.98,Size,20x4,Vol,24347753
Expiration Date,Calls,Last Sale,Net,Bid,Ask,Vol,IV,Delta,Gamma,Open Int,Strike,Puts,Last Sale,Net,Bid,Ask,Vol,IV,Delta,Gamma,Open Int
02/14/2020,GILD200214C00055000,11.9,0,12.85,16.4,0,1.3433,0.9513,0.0102,4,55.000,GILD200214P00055000,0.01,0,0,0.02,0,0.8455,-0.0049,0.0023,33
02/14/2020,GILD200214C00056000,0,0,10.75,15.4,0,1.2872,0.9445,0.0118,0,56.000,GILD200214P00056000,0,0,0,0.03,0,0.8217,-0.0071,0.0033,0
02/14/2020,GILD200214C00056500,0,0,10.25,14.8,0,1.4187,0.9194,0.0144,0,56.500,GILD200214P00056500,0,0,0,0.03,0,0.8008,-0.0081,0.0038,0
02/14/2020,GILD200214C00057000,0,0,9.75,14.3,0,1.1698,0.9447,0.0129,0,57.000,GILD200214P00057000,0,0,0,0.03,0,0.7693,-0.0084,0.0041,0
02/14/2020,GILD200214C00057500,11.21,0,9.25,14,0,1.2006,0.932,0.0149,15,57.500,GILD200214P00057500,0.02,0,0,0.03,0,0.7386,-0.0088,0.0044,66
02/14/2020,GILD200214C00058000,11.3,0,8.75,13.4,0,1.3875,0.8944,0.018,14,58.000,GILD200214P00058000,0.01,0,0,0.03,0,0.7074,-0.0091,0.0048,292
02/14/2020,GILD200214C00058500,10.77,0,8.25,13,0,1.0148,0.9431,0.0153,41,58.500,GILD200214P00058500,0.01,0,0,0.03,0,0.6738,-0.0093,0.0051,27
02/14/2020,GILD200214C00059000,10.25,0,9.05,10.95,0,0.8402,0.9633,0.0128,30,59.000,GILD200214P00059000,0.01,0,0,0.03,0,0.6456,-0.01,0.0057,290
02/14/2020,GILD200214C00059500,9.43,0,7.75,12,0,0.02,1,0.0213,47,59.500,GILD200214P00059500,0.02,0,0,0.03,0,0.6123,-0.0102,0.0061,135
02/14/2020,GILD200214C00060000,9.05,-0.225,8.15,11.4,8,0.8638,0.9413,0.0184,81,60.000,GILD200214P00060000,0.02,0,0,0.03,2,0.5841,-0.0109,0.0068,287
02/14/2020,GILD200214C00060500,8.5,0,6.15,10.8,0,0.9084,0.9202,0.0223,36,60.500,GILD200214P00060500,0.05,0,0,0.03,0,0.5531,-0.0115,0.0075,30
02/14/2020,GILD200214C00061000,7.75,0,6,10.4,0,0.7672,0.9388,0.0214,2,61.000,GILD200214P00061000,0.02,0,0,0.02,0,0.5105,-0.0106,0.0076,62
02/14/2020,GILD200214C00061500,7.5,0,5.1,8,0,0.6465,0.9555,0.0196,44,61.500,GILD200214P00061500,0.05,0.03,0,0.03,20,0.4937,-0.013,0.0094,145
02/14/2020,GILD200214C00062000,6.73,-0.345,4.55,8.65,2,0.7491,0.9159,0.0281,62,62.000,GILD200214P00062000,0.05,0.025,0,0.03,20,0.4635,-0.0139,0.0105,386
02/14/2020,GILD200214C00062500,6.66,0,4.85,8.85,0,0.6713,0.9219,0.0296,23,62.500,GILD200214P00062500,0.02,-0.01,0,0.03,45,0.423,-0.0131,0.011,945
02/14/2020,GILD200214C00063000,6.03,-0.32,4,7.1,12,0.6588,0.9078,0.0343,123,63.000,GILD200214P00063000,0.02,-0.01,0,0.03,85,0.3925,-0.0138,0.0124,1211
02/14/2020,GILD200214C00063500,5.61,-0.74,5.05,7,302,0.6148,0.9025,0.0383,186,63.500,GILD200214P00063500,0.02,-0.02,0.01,0.03,4,0.3844,-0.02,0.0174,146
02/14/2020,GILD200214C00064000,5.2,0,4.45,5.5,56,0.5719,0.8959,0.0432,681,64.000,GILD200214P00064000,0.02,-0.045,0.01,0.05,59,0.3513,-0.0211,0.0199,632
02/14/2020,GILD200214C00064500,3.54,-1.21,3.6,5.55,106,0.5459,0.8812,0.0498,318,64.500,GILD200214P00064500,0.03,-0.065,0,0.07,141,0.326,-0.0252,0.0249,542
02/14/2020,GILD200214C00065000,4,-0.3,3.8,4.35,345,0.4797,0.8821,0.0564,740,65.000,GILD200214P00065000,0.04,-0.105,0.04,0.09,227,0.3314,-0.0444,0.039,603
02/14/2020,GILD200214C00065500,3.66,-0.215,3.3,3.9,58,0.4707,0.8536,0.0668,523,65.500,GILD200214P00065500,0.08,-0.14,0.04,0.13,141,0.3307,-0.0691,0.0554,641
02/14/2020,GILD200214C00066000,3.2,-0.3,2.78,3.45,101,0.4387,0.8313,0.0787,794,66.000,GILD200214P00066000,0.14,-0.175,0.1,0.15,732,0.3304,-0.1023,0.0744,1359
02/14/2020,GILD200214C00066500,2.98,-0.12,2.47,2.99,130,0.4399,0.787,0.0908,643,66.500,GILD200214P00066500,0.16,-0.285,0.14,0.32,207,0.3367,-0.1514,0.096,580
02/14/2020,GILD200214C00067000,2.56,-0.215,2.17,2.67,364,0.423,0.7443,0.1045,994,67.000,GILD200214P00067000,0.34,-0.265,0.26,0.45,2415,0.3442,-0.2119,0.116,1147
02/14/2020,GILD200214C00067500,2.09,-0.38,1.82,2.24,955,0.4364,0.6836,0.1122,1001,67.500,GILD200214P00067500,0.46,-0.345,0.11,0.52,1033,0.3516,-0.28,0.132,1379
02/14/2020,GILD200214C00068000,1.83,-0.375,1.53,1.9,1468,0.4347,0.6248,0.1201,1642,68.000,GILD200214P00068000,0.68,-0.355,0.66,0.8,1051,0.3659,-0.3544,0.1401,1401
02/14/2020,GILD200214C00068500,1.47,-0.5,1.37,1.66,1356,0.4433,0.5619,0.1224,1063,68.500,GILD200214P00068500,0.96,-0.34,0.8,1.12,270,0.3772,-0.429,0.1434,565
02/14/2020,GILD200214C00069000,1.27,-0.49,1.17,1.35,2290,0.4622,0.5013,0.1189,2002,69.000,GILD200214P00069000,1.15,-0.455,1.09,1.56,470,0.3881,-0.5019,0.1416,1386
02/14/2020,GILD200214C00069500,1.05,-0.53,1.05,1.24,1016,0.4809,0.4436,0.1132,800,69.500,GILD200214P00069500,1.52,-0.395,1.33,1.79,43,0.4043,-0.5679,0.1339,149
02/14/2020,GILD200214C00070000,0.92,-0.505,0.92,0.95,6835,0.4995,0.3936,0.1061,4940,70.000,GILD200214P00070000,1.8,-0.46,1.69,2.1,188,0.4249,-0.6258,0.1228,226
02/14/2020,GILD200214C00070500,0.83,-0.465,0.73,0.95,663,0.5229,0.3507,0.0977,834,70.500,GILD200214P00070500,3.15,0.52,2.11,2.95,26,0.4386,-0.679,0.1123,76
02/14/2020,GILD200214C00071000,0.75,-0.44,0.63,0.82,1408,0.5461,0.3128,0.0894,1032,71.000,GILD200214P00071000,2.62,-0.405,2.44,3.05,15,0.4549,-0.7238,0.1011,37
02/14/2020,GILD200214C00071500,0.66,-0.425,0.52,0.75,282,0.5698,0.2797,0.0814,429,71.500,GILD200214P00071500,4.15,0.725,2.85,3.55,25,0.4849,-0.7549,0.0891,19
02/14/2020,GILD200214C00072000,0.57,-0.435,0.49,0.6,736,0.5934,0.2519,0.0741,1324,72.000,GILD200214P00072000,4.65,0.825,3.2,3.85,27,0.4918,-0.7922,0.08,46
02/14/2020,GILD200214C00072500,0.55,-0.37,0.2,0.64,202,0.6116,0.2253,0.0676,387,72.500,GILD200214P00072500,4.15,-0.1,3.75,4.35,5,0.5099,-0.8194,0.0708,9
02/14/2020,GILD200214C00073000,0.54,-0.315,0.38,0.5,462,0.6376,0.2054,0.0615,910,73.000,GILD200214P00073000,6.05,0,4.2,5.15,0,0.522,-0.8454,0.0625,1
02/14/2020,GILD200214C00073500,0.34,-0.455,0.34,0.53,98,0.6557,0.1846,0.056,153,73.500,GILD200214P00073500,5.55,0,4.65,5.75,0,0.5526,-0.8581,0.0557,16
02/14/2020,GILD200214C00074000,0.47,-0.275,0.33,0.52,361,0.6887,0.1717,0.051,405,74.000,GILD200214P00074000,5.65,0,5.1,5.7,0,0.5704,-0.8752,0.0494,16
02/14/2020,GILD200214C00074500,0.41,-0.285,0.27,0.44,51,0.7081,0.1568,0.0467,247,74.500,GILD200214P00074500,7.6,0,5.55,6.15,0,0.5719,-0.896,0.0432,2
02/14/2020,GILD200214C00075000,0.33,-0.325,0.29,0.4,815,0.7329,0.1452,0.0429,2628,75.000,GILD200214P00075000,6.7,0,6.05,6.65,0,0.5914,-0.9067,0.0385,18
02/14/2020,GILD200214C00076000,0.32,-0.26,0.03,0.35,22,0.7771,0.1241,0.0363,107,76.000,GILD200214P00076000,7.6,0,6.75,7.6,0,0.6468,-0.9182,0.0319,25
02/14/2020,GILD200214C00077000,0.29,-0.225,0.13,0.3,91,0.8195,0.1068,0.031,252,77.000,GILD200214P00077000,7.9,0,7.9,8.55,0,0.572,-0.9638,0.0186,15
02/14/2020,GILD200214C00078000,0.33,-0.13,0.1,0.26,55,0.8533,0.0908,0.0264,325,78.000,GILD200214P00078000,8.8,0,8,11.05,0,0.7254,-0.9424,0.0216,5
02/14/2020,GILD200214C00079000,0.24,-0.17,0.13,0.27,426,0.8868,0.0782,0.0227,784,79.000,GILD200214P00079000,13.15,0,7.9,12,0,0.7835,-0.9459,0.019,24
02/14/2020,GILD200214C00080000,0.17,-0.195,0.15,0.19,815,0.9123,0.0659,0.0194,4718,80.000,GILD200214P00080000,11.6,0,10.65,12.9,0,0.6648,-0.9808,0.0092,4
02/14/2020,GILD200214C00081000,0.11,0.11,0.09,0.21,13,0.9413,0.0568,0.0167,13,81.000,GILD200214P00081000,0,0,11.1,14,0,0.8948,-0.9514,0.0152,0
02/14/2020,GILD200214C00082000,0.15,0.15,0.05,0.16,364,0.9734,0.0497,0.0145,311,82.000,GILD200214P00082000,0,0,11.25,15.5,0,0.8135,-0.9755,0.0093,0
02/14/2020,GILD200214C00083000,0.11,0.11,0,0.23,3,1.0081,0.0444,0.0128,2,83.000,GILD200214P00083000,0,0,12.9,15.85,0,0.8135,-0.9822,0.007,0
02/14/2020,GILD200214C00084000,0.09,0.09,0.04,0.15,6,1.0336,0.0386,0.0112,5,84.000,GILD200214P00084000,0,0,13.75,16.95,0,0.8447,-0.9843,0.006,0
02/21/2020,GILD200221C00037500,0,0,29.1,33.9,0,0.02,1,0.0035,0,37.500,GILD200221P00037500,0.05,0,0,0.02,0,1.251,-0.0018,0.0004,10
02/21/2020,GILD200221C00040000,26.55,0,26.75,31.4,0,1.8706,0.9672,0.0033,4,40.000,GILD200221P00040000,0.01,0,0,0.02,0,1.126,-0.002,0.0005,23
02/21/2020,GILD200221C00042500,23.1,0,24.25,29,0,0.02,1,0.0024,6,42.500,GILD200221P00042500,0.01,0,0,0.02,0,1.0122,-0.0022,0.0006,26
02/21/2020,GILD200221C00045000,22,0,21.7,26.4,0,1.227,0.9827,0.0029,0,45.000,GILD200221P00045000,0.06,0,0,0.02,0,0.9003,-0.0025,0.0007,24
02/21/2020,GILD200221C00047500,16.25,0,19.25,24,0,1.1518,0.9754,0.0042,29,47.500,GILD200221P00047500,0.03,0,0,0.02,0,0.7994,-0.0029,0.0009,106
02/21/2020,GILD200221C00050000,18.5,0,16.8,21.5,0,1.0995,0.9626,0.0062,36,50.000,GILD200221P00050000,0.03,0,0,0.02,0,0.6971,-0.0033,0.0012,1153
02/21/2020,GILD200221C00052500,10.45,0,14.25,19,0,0.02,1,0.0057,44,52.500,GILD200221P00052500,0.01,0,0,0.03,0,0.6402,-0.0059,0.0022,157
02/21/2020,GILD200221C00055000,15,0,11.75,16.3,0,0.7608,0.9629,0.0089,411,55.000,GILD200221P00055000,0.01,-0.005,0,0.02,29,0.5071,-0.0043,0.0021,1823
02/21/2020,GILD200221C00057000,9.85,0,9.75,14.4,0,0.66,0.9579,0.0113,8,57.000,GILD200221P00057000,0.03,0,0,0.04,0,0.465,-0.008,0.0039,33
02/21/2020,GILD200221C00057500,9.35,0,9.15,13.95,0,0.9457,0.8839,0.0172,460,57.500,GILD200221P00057500,0.01,-0.005,0,0.01,48,0.3748,-0.0023,0.0016,5158
02/21/2020,GILD200221C00058000,5.45,0,8.8,13.4,0,0.5886,0.9603,0.0121,2,58.000,GILD200221P00058000,0.03,0,0,0.04,0,0.423,-0.0081,0.0044,74
02/21/2020,GILD200221C00058500,9.7,0,8.25,13,0,0.5097,0.9722,0.0105,4,58.500,GILD200221P00058500,0.03,0,0,0.05,0,0.4107,-0.0093,0.0051,2028
02/21/2020,GILD200221C00059000,7.88,0,7.8,12.5,0,0.02,1,0.0141,5,59.000,GILD200221P00059000,0.02,0,0,0.05,1,0.3916,-0.0096,0.0055,269
02/21/2020,GILD200221C00059500,8.6,0,8.5,12,0,0.02,1,0.0218,21,59.500,GILD200221P00059500,0.02,0,0,0.05,0,0.3728,-0.0101,0.006,248
02/21/2020,GILD200221C00060000,8,-1.45,6.7,10.5,6,0.5187,0.9452,0.0178,702,60.000,GILD200221P00060000,0.02,-0.015,0.01,0.05,1701,0.3673,-0.0129,0.0076,22891
02/21/2020,GILD200221C00060500,7.6,0,6.2,10.8,0,0.4985,0.9411,0.0196,21,60.500,GILD200221P00060500,0.02,-0.01,0,0.05,10,0.344,-0.0127,0.008,163
02/21/2020,GILD200221C00061000,8.05,0,5.8,10.3,0,0.4436,0.9499,0.0194,161,61.000,GILD200221P00061000,0.03,-0.005,0.01,0.05,2,0.3361,-0.016,0.0099,470
02/21/2020,GILD200221C00061500,6.1,0,5.35,10,0,0.5417,0.8985,0.0273,76,61.500,GILD200221P00061500,0.02,-0.015,0,0.05,3,0.3072,-0.0143,0.0099,558
02/21/2020,GILD200221C00062000,7.21,0,5.8,9.35,0,0.02,1,0.0309,1116,62.000,GILD200221P00062000,0.03,-0.015,0.02,0.06,69,0.3095,-0.0215,0.0139,1125
02/21/2020,GILD200221C00062500,5.65,0,5.45,7,0,0.3944,0.931,0.0281,3731,62.500,GILD200221P00062500,0.04,-0.025,0.03,0.06,165,0.297,-0.0256,0.0167,8103
02/21/2020,GILD200221C00063000,6.11,-0.065,5.05,8.4,14,0.3525,0.9361,0.0296,359,63.000,GILD200221P00063000,0.05,-0.045,0.04,0.08,52,0.2892,-0.0326,0.021,1048
02/21/2020,GILD200221C00063500,4.6,-1.125,5.1,6.15,15,0.3827,0.9013,0.0379,675,63.500,GILD200221P00063500,0.06,-0.07,0.05,0.11,29,0.2878,-0.045,0.0275,673
02/21/2020,GILD200221C00064000,5.25,-0.05,4.85,5.5,17,0.3918,0.8736,0.0442,298,64.000,GILD200221P00064000,0.11,-0.075,0.09,0.16,1597,0.2915,-0.0644,0.036,1972
02/21/2020,GILD200221C00064500,4.77,-0.13,4.35,5,108,0.3534,0.8716,0.0495,2376,64.500,GILD200221P00064500,0.15,-0.11,0.12,0.22,1413,0.2936,-0.0875,0.0452,2538
02/21/2020,GILD200221C00065000,4.4,-0.025,3.95,4.55,395,0.353,0.8436,0.0566,7878,65.000,GILD200221P00065000,0.22,-0.135,0.2,0.28,1793,0.2982,-0.1173,0.055,6882
02/21/2020,GILD200221C00065500,3.95,-0.2,3.55,4.15,86,0.3524,0.8124,0.0637,1218,65.500,GILD200221P00065500,0.42,-0.05,0.22,0.38,236,0.3017,-0.1524,0.0651,860
02/21/2020,GILD200221C00066000,3.5,-0.3,3.15,3.95,76,0.3495,0.7789,0.0708,1950,66.000,GILD200221P00066000,0.42,-0.2,0.36,0.44,373,0.306,-0.1926,0.0746,1247
02/21/2020,GILD200221C00066500,3.35,-0.125,2.69,3.3,154,0.3474,0.7419,0.0776,1412,66.500,GILD200221P00066500,0.5,-0.29,0.41,0.65,98,0.3121,-0.237,0.0825,1996
02/21/2020,GILD200221C00067000,3,-0.175,2.51,3,1818,0.3556,0.6965,0.0819,3546,67.000,GILD200221P00067000,0.73,-0.26,0.61,0.83,466,0.3199,-0.286,0.0886,2933
02/21/2020,GILD200221C00067500,2.65,-0.25,2.32,2.66,473,0.3608,0.6506,0.0855,11513,67.500,GILD200221P00067500,1.01,-0.205,0.79,1.12,1605,0.3273,-0.3356,0.0929,3260
02/21/2020,GILD200221C00068000,2.2,-0.46,1.7,2.71,1009,0.3639,0.6059,0.0882,2720,68.000,GILD200221P00068000,1.27,-0.2,1.01,1.37,539,0.3354,-0.3868,0.0951,2300
02/21/2020,GILD200221C00068500,2.01,-0.425,1.95,2.06,1439,0.3752,0.5602,0.0876,5763,68.500,GILD200221P00068500,1.39,-0.36,1.21,1.58,251,0.3459,-0.4378,0.095,2151
02/21/2020,GILD200221C00069000,1.78,-0.46,1.77,1.91,8733,0.3814,0.5161,0.0871,15478,69.000,GILD200221P00069000,1.8,-0.25,1.53,1.95,668,0.3556,-0.4846,0.0935,1378
02/21/2020,GILD200221C00069500,1.62,-0.44,1.47,1.8,266,0.3964,0.4743,0.0837,1110,69.500,GILD200221P00069500,1.99,-0.38,1.81,2.21,100,0.3664,-0.5295,0.0905,284
02/21/2020,GILD200221C00070000,1.45,-0.45,1.35,1.56,8175,0.4055,0.4356,0.0809,22892,70.000,GILD200221P00070000,2.41,-0.305,2.15,2.43,43,0.3765,-0.5722,0.0869,1991
02/21/2020,GILD200221C00070500,1.37,1.37,1.19,1.47,43,0.4159,0.3991,0.0774,29,70.500,GILD200221P00070500,0,0,1.98,3.25,0,0.3893,-0.6095,0.0822,0
02/21/2020,GILD200221C00071000,1.25,-0.39,0.85,1.3,670,0.4272,0.3661,0.0734,970,71.000,GILD200221P00071000,3.15,-0.3,2.85,3.4,14,0.3985,-0.6447,0.0779,21
02/21/2020,GILD200221C00071500,1.13,1.13,0.99,1.21,28,0.4465,0.3396,0.0684,20,71.500,GILD200221P00071500,0,0,3.25,4.2,0,0.4099,-0.6769,0.073,0
02/21/2020,GILD200221C00072000,1.05,-0.385,0.95,1.11,234,0.4602,0.3135,0.0642,2239,72.000,GILD200221P00072000,4.25,0,3.7,4.25,37,0.4267,-0.7024,0.0677,39
02/21/2020,GILD200221C00072500,0.97,-0.375,0.79,1.04,3973,0.4756,0.2901,0.06,13458,72.500,GILD200221P00072500,4.65,0,4.15,4.65,1,0.4465,-0.7236,0.0625,656
02/21/2020,GILD200221C00073000,0.85,0.85,0.73,0.98,141,0.49,0.2698,0.0562,116,73.000,GILD200221P00073000,5.85,5.85,4.3,5.2,31,0.4589,-0.7455,0.0583,22
02/21/2020,GILD200221C00073500,0.98,0.98,0.67,0.91,92,0.5048,0.251,0.0526,54,73.500,GILD200221P00073500,0,0,4.85,5.55,0,0.4674,-0.7679,0.0544,0
02/21/2020,GILD200221C00074000,0.82,0.82,0.62,0.88,360,0.5165,0.2325,0.0493,280,74.000,GILD200221P00074000,0,0,5.4,6.05,0,0.4801,-0.786,0.0506,0
02/21/2020,GILD200221C00074500,0.72,0.72,0.6,0.81,31,0.5309,0.2178,0.0462,25,74.500,GILD200221P00074500,6.1,6.1,5.85,6.8,10,0.4948,-0.8004,0.0471,10
02/21/2020,GILD200221C00075000,0.7,-0.315,0.67,0.7,5367,0.5447,0.2038,0.0433,11479,75.000,GILD200221P00075000,7.4,0.575,6.25,6.9,9,0.5208,-0.808,0.0437,231
02/21/2020,GILD200221C00076000,0.64,0.64,0.48,0.68,104,0.5752,0.181,0.0382,103,76.000,GILD200221P00076000,0,0,7.05,7.85,0,0.5381,-0.8367,0.0382,0
02/21/2020,GILD200221C00077000,0.42,0.42,0.45,0.62,17,0.602,0.1608,0.0338,16,77.000,GILD200221P00077000,0,0,8.05,8.75,0,0.5582,-0.8593,0.0334,0
02/21/2020,GILD200221C00077500,0.56,-0.235,0.35,0.59,791,0.61,0.1497,0.0318,3599,77.500,GILD200221P00077500,9.55,0.5,8.6,9.25,5,0.5631,-0.8712,0.0311,5
02/21/2020,GILD200221C00078000,0.49,0.49,0.43,0.56,617,0.6245,0.1422,0.03,600,78.000,GILD200221P00078000,0,0,9,9.7,0,0.5807,-0.877,0.0292,0
02/21/2020,GILD200221C00079000,0.45,0.45,0.38,1.07,6,0.6519,0.1287,0.0269,6,79.000,GILD200221P00079000,0,0,10.05,11.25,0,0.6031,-0.8914,0.0258,0
02/21/2020,GILD200221C00080000,0.41,-0.23,0.27,0.5,356,0.6726,0.1143,0.024,2315,80.000,GILD200221P00080000,11.6,0,10.95,11.65,0,0.6291,-0.9022,0.0229,2
02/21/2020,GILD200221C00081000,0.32,0.32,0.32,0.4,4,0.6899,0.1014,0.0214,4,81.000,GILD200221P00081000,0,0,11.85,12.7,0,0.6306,-0.9197,0.0197,0
02/21/2020,GILD200221C00082000,0.29,0.29,0,0.44,1,0.7128,0.0923,0.0194,1,82.000,GILD200221P00082000,0,0,12.25,14.45,0,0.7329,-0.901,0.0198,0
02/21/2020,GILD200221C00083000,0.27,0.27,0.16,0.41,1,0.7302,0.0825,0.0174,1,83.000,GILD200221P00083000,0,0,13.2,16.25,0,0.6706,-0.936,0.0156,0
02/21/2020,GILD200221C00084000,0.24,0.24,0.2,0.36,2,0.749,0.0746,0.0157,2,84.000,GILD200221P00084000,0,0,14.15,17.45,0,0.05,-1,0,0
02/21/2020,GILD200221C00085000,0.26,-0.175,0.2,0.36,637,0.7673,0.0676,0.0142,3349,85.000,GILD200221P00085000,19.15,0,14.85,18.4,0,0.6583,-0.9608,0.0107,0
02/21/2020,GILD200221C00086000,0.19,0.19,0.14,0.34,6,0.7797,0.0601,0.0128,6,86.000,GILD200221P00086000,0,0,15.7,19.45,0,0.7879,-0.9377,0.013,0
02/21/2020,GILD200221C00087000,0.21,0.21,0.07,0.93,40,0.7975,0.0548,0.0116,40,87.000,GILD200221P00087000,0,0,16.6,20.5,0,0,-0.8911,0.0154,0
02/21/2020,GILD200221C00088000,0,0,0.05,0.3,0,0.8099,0.0491,0.0105,0,88.000,GILD200221P00088000,0,0,17.3,21.25,0,0,-0.9296,0.0125,0
02/21/2020,GILD200221C00089000,0.19,0.19,0.12,0.2,2415,0.8268,0.0449,0.0095,1958,89.000,GILD200221P00089000,0,0,18.15,22.25,0,0,-0.9441,0.0107,0
02/21/2020,GILD200221C00090000,0.15,-0.115,0.11,0.15,448,0.8367,0.04,0.0086,11769,90.000,GILD200221P00090000,23.9,0,18.9,23.3,0,0,-0.9619,0.0084,1
02/21/2020,GILD200221C00091000,0,0,0,0.5,0,0.96,0.058,0.0101,0,91.000,GILD200221P00091000,0,0,20.15,24.4,0,1.1879,-0.8916,0.0131,0
02/21/2020,GILD200221C00092000,0,0,0,0.22,0,0.8237,0.0265,0.0062,0,92.000,GILD200221P00092000,0,0,21.25,25.2,0,0,-0.9444,0.0095,0
02/21/2020,GILD200221C00093000,0,0,0,0.35,0,0.9582,0.044,0.0081,0,93.000,GILD200221P00093000,0,0,22.25,26.35,0,1.0502,-0.9384,0.0097,0
02/21/2020,GILD200221C00094000,0,0,0,0.18,0,0.8586,0.0231,0.0053,0,94.000,GILD200221P00094000,0,0,24.1,27.4,0,1.0756,-0.9404,0.0092,0
02/21/2020,GILD200221C00095000,0.09,-0.085,0.05,0.1,167,0.9004,0.0249,0.0054,1083,95.000,GILD200221P00095000,27.7,0,24,28.2,0,0.2986,-1,0,0
02/21/2020,GILD200221C00096000,0,0,0,0.15,0,0.8821,0.019,0.0044,0,96.000,GILD200221P00096000,0,0,25.25,28.95,0,0,-0.9672,0.0062,0
02/21/2020,GILD200221C00097000,0,0,0,0.13,0,0.8958,0.0176,0.004,0,97.000,GILD200221P00097000,0,0,26.2,29.6,0,0.8897,-0.9831,0.0039,0
02/21/2020,GILD200221C00098000,0,0,0,0.24,0,1.0296,0.0309,0.0056,0,98.000,GILD200221P00098000,0,0,27.5,31,0,1.376,-0.9107,0.0098,0
02/21/2020,GILD200221C00099000,0,0,0,0.23,0,1.0478,0.0295,0.0053,0,99.000,GILD200221P00099000,0,0,28.25,31.5,0,0.9795,-0.979,0.0043,0
02/21/2020,GILD200221C00100000,0.06,-0.075,0.04,0.08,1191,0.937,0.0141,0.0032,7406,100.000,GILD200221P00100000,31,0,28.7,33.2,0,0,-1,0.0046,8
02/21/2020,GILD200221C00101000,0,0,0,0.09,0,0.965,0.0145,0.0032,0,101.000,GILD200221P00101000,0,0,29.6,34.3,0,0,-1,0.0043,0
02/21/2020,GILD200221C00102000,0,0,0,0.08,0,0.9731,0.0131,0.0029,0,102.000,GILD200221P00102000,0,0,31,35.4,0,1.0108,-0.9836,0.0034,0
02/21/2020,GILD200221C00103000,0,0,0,0.07,0,0.9324,0.0085,0.0021,0,103.000,GILD200221P00103000,0,0,31.7,36.4,0,0,-0.9791,0.0039,0
02/28/2020,GILD200228C00055000,12.9,0,11.8,16.5,0,0.7262,0.9288,0.012,1,55.000,GILD200228P00055000,0.06,0,0,0.04,0,0.4356,-0.0087,0.0035,4
02/28/2020,GILD200228C00057000,12.75,0,9.8,14.5,0,0.5691,0.9394,0.0134,0,57.000,GILD200228P00057000,0.12,0,0,0.05,0,0.3895,-0.0126,0.0055,47
02/28/2020,GILD200228C00058000,0,0,8.75,13.5,0,0.02,1,0.0151,0,58.000,GILD200228P00058000,0.07,0,0,0.05,0,0.3545,-0.0129,0.0061,0
02/28/2020,GILD200228C00059000,0,0,7.75,12.2,0,0.4031,0.9606,0.0132,0,59.000,GILD200228P00059000,0.03,-0.01,0,0.06,1,0.3317,-0.016,0.0078,17
02/28/2020,GILD200228C00059500,8.4,0,9,10.6,0,0.02,1,0.0209,2,59.500,GILD200228P00059500,0.03,-0.025,0,0.07,3,0.3239,-0.0188,0.0092,12
02/28/2020,GILD200228C00060000,9.4,0,7.75,10.2,0,0.02,1,0.0151,17,60.000,GILD200228P00060000,0.06,0,0,0.09,0,0.3206,-0.0237,0.0114,262
02/28/2020,GILD200228C00060500,4.4,0,7.25,10.8,0,0.02,1,0.025,1,60.500,GILD200228P00060500,0.08,0,0,0.11,0,0.3133,-0.0282,0.0134,48
02/28/2020,GILD200228C00061000,7,-1.675,6.1,10.45,5,0.4602,0.8917,0.026,16,61.000,GILD200228P00061000,0.07,-0.05,0.01,0.14,11,0.3155,-0.0378,0.017,116
02/28/2020,GILD200228C00061500,3.45,0,5.5,8.3,0,0.3311,0.9416,0.0224,1,61.500,GILD200228P00061500,0.11,-0.05,0.05,0.11,50,0.3016,-0.0415,0.0192,611
02/28/2020,GILD200228C00062000,7.25,-0.025,5,8.6,1,0.414,0.8825,0.0307,30,62.000,GILD200228P00062000,0.09,-0.02,0.03,0.13,4,0.2842,-0.044,0.0213,535
02/28/2020,GILD200228C00062500,3.65,0,4.65,9,0,0.3718,0.8883,0.0329,192,62.500,GILD200228P00062500,0.09,-0.04,0.06,0.16,6,0.2791,-0.0539,0.0256,558
02/28/2020,GILD200228C00063000,6.25,0,5.55,7.1,0,0.3524,0.8805,0.0365,227,63.000,GILD200228P00063000,0.13,-0.05,0.09,0.2,37,0.2744,-0.0663,0.0306,527
02/28/2020,GILD200228C00063500,5.95,-0.1,5.2,6.5,3,0.3568,0.8573,0.0408,108,63.500,GILD200228P00063500,0.21,-0.03,0.11,0.47,19,0.2757,-0.0854,0.0369,162
02/28/2020,GILD200228C00064000,4.4,-1,4.7,5.65,2,0.3493,0.8383,0.0454,100,64.000,GILD200228P00064000,0.33,0.01,0.19,0.31,168,0.2877,-0.117,0.0445,244
02/28/2020,GILD200228C00064500,5.06,-0.165,4.4,5.25,36,0.3506,0.8119,0.0498,409,64.500,GILD200228P00064500,0.35,-0.065,0.25,0.47,14,0.2829,-0.1388,0.051,467
02/28/2020,GILD200228C00065000,4.75,0,4.25,4.85,25,0.3499,0.7841,0.0543,1107,65.000,GILD200228P00065000,0.46,-0.075,0.36,0.5,31,0.2863,-0.1696,0.0575,514
02/28/2020,GILD200228C00065500,3.95,-0.45,3.6,4.45,8,0.35,0.7542,0.0584,176,65.500,GILD200228P00065500,0.67,-0.005,0.5,0.75,7,0.2891,-0.2045,0.064,260
02/28/2020,GILD200228C00066000,3.5,-0.55,3.6,4.05,272,0.3499,0.7232,0.0621,414,66.000,GILD200228P00066000,0.78,-0.055,0.64,1.19,61,0.2948,-0.2439,0.0693,412
02/28/2020,GILD200228C00066500,3.5,-0.25,3.3,3.7,171,0.3542,0.6875,0.0649,569,66.500,GILD200228P00066500,0.88,-0.14,0.61,1.32,338,0.3027,-0.2852,0.0731,394
02/28/2020,GILD200228C00067000,3.35,-0.1,2.87,3.4,149,0.3525,0.6545,0.068,1931,67.000,GILD200228P00067000,1.1,-0.13,0.97,1.13,175,0.3009,-0.3233,0.0777,149
02/28/2020,GILD200228C00067500,2.92,-0.28,2.54,3.25,101,0.3628,0.6165,0.0684,580,67.500,GILD200228P00067500,1.27,-0.19,0.93,1.65,297,0.3097,-0.367,0.0792,371
02/28/2020,GILD200228C00068000,2.7,-0.245,2.51,2.89,282,0.3634,0.5805,0.07,682,68.000,GILD200228P00068000,2,0.28,1.42,1.75,25,0.3194,-0.4099,0.0792,145
02/28/2020,GILD200228C00068500,2.49,-0.235,2.19,2.87,50,0.3704,0.5453,0.0696,602,68.500,GILD200228P00068500,1.95,-0.045,1.7,2.04,29,0.3245,-0.4507,0.0794,349
02/28/2020,GILD200228C00069000,2.32,-0.205,2.15,2.38,104,0.3763,0.5099,0.069,368,69.000,GILD200228P00069000,2.16,-0.135,1.93,2.77,27,0.3315,-0.4903,0.0783,168
02/28/2020,GILD200228C00069500,2.05,-0.295,1.91,2.22,171,0.3867,0.4777,0.067,619,69.500,GILD200228P00069500,3.05,0.435,1.76,2.85,121,0.3391,-0.5279,0.0764,158
02/28/2020,GILD200228C00070000,1.99,-0.185,1.75,2.14,2475,0.3921,0.4452,0.0656,3361,70.000,GILD200228P00070000,3.45,0.5,2.33,3.05,92,0.3452,-0.5638,0.0742,163
02/28/2020,GILD200228C00070500,1.76,-0.27,1.41,2.14,37,0.4003,0.4163,0.0635,128,70.500,GILD200228P00070500,3.8,0.5,2.91,3.75,54,0.3556,-0.5965,0.0708,117
02/28/2020,GILD200228C00071000,1.6,-0.295,1.17,1.87,100,0.4095,0.3889,0.061,517,71.000,GILD200228P00071000,3.4,-0.25,3.25,4.15,80,0.3653,-0.6261,0.0674,80
02/28/2020,GILD200228C00071500,1.6,-0.175,1.29,1.91,42,0.4174,0.3629,0.0585,110,71.500,GILD200228P00071500,4.15,0,3.7,4.3,0,0.3672,-0.6577,0.065,28
02/28/2020,GILD200228C00072000,1.47,-0.2,1.05,1.86,418,0.4322,0.3416,0.0553,1028,72.000,GILD200228P00072000,5,0.55,4.1,4.55,40,0.3814,-0.6805,0.0609,38
02/28/2020,GILD200228C00073000,0.9,-0.59,1.07,1.52,68,0.4666,0.3073,0.0491,148,73.000,GILD200228P00073000,5.2,-0.05,4.85,5.45,17,0.4077,-0.7208,0.0535,17
02/28/2020,GILD200228C00075000,1,-0.23,0.8,1.05,838,0.4836,0.2314,0.0411,2113,75.000,GILD200228P00075000,6.8,-0.2,6.55,7.15,129,0.423,-0.8013,0.0427,129
02/28/2020,GILD200228C00080000,0.66,-0.24,0.43,0.7,851,0.5808,0.1378,0.0247,2004,80.000,GILD200228P00080000,11.73,0,11.2,11.8,0,0.5056,-0.8962,0.0229,1
02/28/2020,GILD200228C00085000,0.25,0.25,0.32,0.52,52,0.7356,0.1148,0.0172,52,85.000,GILD200228P00085000,0,0,15.8,17.5,0,0.5123,-0.961,0.0103,0
02/28/2020,GILD200228C00090000,0.25,0.25,0.19,0.34,22,0.7239,0.0571,0.0103,21,90.000,GILD200228P00090000,0,0,20.45,21.85,0,0,-0.9713,0.0067,0
02/28/2020,GILD200228C00095000,0,0,0.02,0.74,0,0.7417,0.0311,0.0062,0,95.000,GILD200228P00095000,0,0,24.9,28.4,0,0,-0.9071,0.0107,0
02/28/2020,GILD200228C00100000,0.13,0.13,0.08,0.15,3839,0.826,0.0264,0.0048,2957,100.000,GILD200228P00100000,0,0,29.8,33,0,0,-0.9414,0.0075,0
03/06/2020,GILD200306C00055000,10.2,0,13.05,16.55,0,0.6191,0.931,0.0118,16,55.000,GILD200306P00055000,0.18,0,0,0.05,0,0.3861,-0.0107,0.004,24
03/06/2020,GILD200306C00057000,7.85,0,11.4,14.55,0,0.6479,0.8878,0.0163,1,57.000,GILD200306P00057000,0.16,0,0,0.06,0,0.338,-0.0135,0.0057,2
03/06/2020,GILD200306C00057500,0,0,10.65,13.7,0,0.5575,0.9075,0.0164,0,57.500,GILD200306P00057500,0.05,0.01,0,0.08,50,0.3254,-0.0142,0.0061,50
03/06/2020,GILD200306C00058000,0,0,10.25,13.4,0,0.7295,0.8433,0.0182,0,58.000,GILD200306P00058000,0.38,0,0,0.09,0,0.3238,-0.0179,0.0075,2
03/06/2020,GILD200306C00058500,0,0,9.6,12.95,0,0.5405,0.8928,0.0189,0,58.500,GILD200306P00058500,0.1,0,0,0.1,0,0.3171,-0.0207,0.0087,6
03/06/2020,GILD200306C00059000,0,0,9.4,12.45,0,0.5415,0.8809,0.0203,0,59.000,GILD200306P00059000,0.26,0,0,0.13,0,0.3179,-0.0266,0.0107,1
03/06/2020,GILD200306C00059500,0,0,8.95,10.7,0,0.3363,0.9584,0.0146,0,59.500,GILD200306P00059500,0.12,0,0.01,0.16,0,0.3227,-0.0355,0.0134,2
03/06/2020,GILD200306C00060000,8.9,-1.35,8.9,9.55,22,0.4011,0.9175,0.0209,87,60.000,GILD200306P00060000,0.08,-0.06,0.03,0.12,53,0.2993,-0.0334,0.0137,94
03/06/2020,GILD200306C00060500,8.3,0,7.8,10.3,0,0.332,0.9409,0.0196,1,60.500,GILD200306P00060500,0.18,0,0.04,0.18,0,0.3086,-0.0467,0.0175,3
03/06/2020,GILD200306C00061000,7.53,-0.97,7.85,9.9,1,0.3409,0.9242,0.0231,13,61.000,GILD200306P00061000,0.17,0.025,0.11,0.3,90,0.3053,-0.0558,0.0204,249
03/06/2020,GILD200306C00061500,2.83,0,6.25,10,0,0.3358,0.9131,0.026,11,61.500,GILD200306P00061500,0.2,0,0.1,0.2,0,0.293,-0.0609,0.0228,14
03/06/2020,GILD200306C00062000,4.1,0,6.6,8.2,0,0.332,0.9004,0.0291,2,62.000,GILD200306P00062000,0.26,-0.035,0.14,0.24,2,0.2954,-0.0762,0.0269,48
03/06/2020,GILD200306C00062500,2.62,0,6.45,7.8,0,0.3288,0.8853,0.0326,5,62.500,GILD200306P00062500,0.29,-0.055,0.2,0.31,52,0.2984,-0.094,0.0311,272
03/06/2020,GILD200306C00063000,6.15,-0.575,6,6.7,30,0.3433,0.8568,0.0364,56,63.000,GILD200306P00063000,0.28,-0.15,0.28,0.36,1038,0.3001,-0.1137,0.0355,4087
03/06/2020,GILD200306C00063500,6.3,0,5.15,6.6,0,0.3488,0.8329,0.0397,46,63.500,GILD200306P00063500,0.41,-0.225,0.35,0.54,91,0.3042,-0.1369,0.0399,95
03/06/2020,GILD200306C00064000,3.31,0,5.25,5.9,0,0.3503,0.8091,0.043,179,64.000,GILD200306P00064000,0.44,-0.17,0.24,0.53,1083,0.3074,-0.1624,0.0442,4235
03/06/2020,GILD200306C00064500,5.1,0,4.95,5.55,0,0.3473,0.787,0.0463,89,64.500,GILD200306P00064500,0.72,-0.15,0.54,0.74,10,0.3088,-0.1884,0.0484,170
03/06/2020,GILD200306C00065000,4.79,-0.235,4.55,5.2,110,0.347,0.7617,0.0494,473,65.000,GILD200306P00065000,0.74,-0.09,0.7,0.86,38,0.3153,-0.2191,0.0518,182
03/06/2020,GILD200306C00065500,3.7,-1.075,4.25,4.85,111,0.3486,0.734,0.0521,128,65.500,GILD200306P00065500,1.1,-0.05,0.73,1.29,8,0.3176,-0.2489,0.0552,25
03/06/2020,GILD200306C00066000,4.3,-0.15,3.95,4.45,3,0.3482,0.7059,0.0547,211,66.000,GILD200306P00066000,1.07,-0.145,0.91,1.42,8,0.3207,-0.2809,0.0582,28
03/06/2020,GILD200306C00066500,4,-0.175,3.65,4.2,4,0.356,0.6741,0.056,180,66.500,GILD200306P00066500,1.36,-0.07,1.17,1.38,9,0.3267,-0.3143,0.0601,24
03/06/2020,GILD200306C00067000,2.9,-0.975,3.35,3.9,126,0.3583,0.6438,0.0576,436,67.000,GILD200306P00067000,1.5,-0.2,1.31,1.63,25,0.3291,-0.3465,0.062,80
03/06/2020,GILD200306C00067500,3.5,-0.15,3.1,3.6,25,0.3578,0.614,0.0592,141,67.500,GILD200306P00067500,1.71,-0.265,1.56,1.86,11,0.3345,-0.3802,0.063,40
03/06/2020,GILD200306C00068000,3.2,-0.3,2.75,3.35,120,0.3613,0.5837,0.0597,230,68.000,GILD200306P00068000,1.95,-0.285,1.85,2.47,15,0.3384,-0.413,0.0637,25
03/06/2020,GILD200306C00068500,2.77,-0.405,2.37,3.3,12,0.3716,0.5522,0.0589,148,68.500,GILD200306P00068500,2.4,-0.125,2.11,2.43,284,0.3406,-0.4465,0.0642,284
03/06/2020,GILD200306C00069000,2.76,-0.205,2.48,2.94,55,0.3746,0.5227,0.0588,243,69.000,GILD200306P00069000,2.54,-0.235,2.38,2.93,7,0.3511,-0.4778,0.0628,132
03/06/2020,GILD200306C00069500,2.53,-0.22,2.3,2.87,32,0.3821,0.4943,0.0578,168,69.500,GILD200306P00069500,3.45,0.47,2.64,3.15,91,0.3536,-0.5091,0.0624,91
03/06/2020,GILD200306C00070000,2.32,-0.32,2.13,2.6,150,0.3867,0.4669,0.0569,789,70.000,GILD200306P00070000,3.43,0.215,3.05,3.65,23,0.3657,-0.537,0.0601,67
03/06/2020,GILD200306C00071000,1.61,-0.68,1.92,2.29,16,0.3996,0.4156,0.054,217,71.000,GILD200306P00071000,4.11,0,3.8,4.35,0,0.3786,-0.5913,0.0568,6
03/06/2020,GILD200306C00071500,1.9,-0.4,1.54,2.34,20,0.4142,0.3946,0.0514,249,71.500,GILD200306P00071500,0,0,3.65,4.65,0,0.3832,-0.6165,0.0551,0
03/06/2020,GILD200306C00072500,1.65,-0.245,1.48,1.93,8,0.4197,0.3494,0.0488,49,72.500,GILD200306P00072500,0,0,4.85,5.3,0,0.4015,-0.6591,0.0505,0
03/06/2020,GILD200306C00073000,1.21,-0.585,1.39,1.9,26,0.4275,0.33,0.0469,44,73.000,GILD200306P00073000,0,0,5.3,5.8,0,0.4097,-0.6781,0.0484,0
03/06/2020,GILD200306C00075000,1.25,-0.31,1.2,1.37,289,0.4555,0.2634,0.0397,2355,75.000,GILD200306P00075000,7.82,0,6.85,7.4,0,0.4421,-0.7435,0.0403,1
03/06/2020,GILD200306C00080000,0.75,-0.195,0.75,0.88,1174,0.5327,0.1622,0.0255,2922,80.000,GILD200306P00080000,11.6,0,11.3,11.95,0,0.5075,-0.8508,0.0253,6
03/06/2020,GILD200306C00085000,0.52,0.52,0.34,1.29,2,0.601,0.1073,0.017,2,85.000,GILD200306P00085000,0,0,16.05,16.85,0,0.5864,-0.8988,0.0167,0
03/06/2020,GILD200306C00090000,0.34,0.34,0.24,0.36,32,0.6373,0.0664,0.0112,32,90.000,GILD200306P00090000,0,0,20.2,21.75,0,0.7487,-0.8947,0.0134,0
03/06/2020,GILD200306C00095000,0.26,0.26,0.05,0.27,1,0.6439,0.0354,0.0067,1,95.000,GILD200306P00095000,0,0,25.2,26.6,0,0.7434,-0.9382,0.0091,0
03/06/2020,GILD200306C00100000,0.13,0.13,0.1,0.28,2,0.7115,0.0291,0.0052,2,100.000,GILD200306P00100000,0,0,30.3,33.05,0,0.9573,-0.9116,0.0093,0
03/13/2020,GILD200313C00055000,0,0,12.2,16.2,0,0.5048,0.941,0.011,0,55.000,GILD200313P00055000,0.03,0.005,0,0.06,5,0.3501,-0.0129,0.0046,8
03/13/2020,GILD200313C00057500,0,0,9.55,13.75,0,0.4302,0.929,0.015,0,57.500,GILD200313P00057500,0.14,0,0,0.16,0,0.3313,-0.0289,0.0097,15
03/13/2020,GILD200313C00058000,0,0,9.05,13.2,0,0.4149,0.9261,0.0161,0,58.000,GILD200313P00058000,0,0,0,0.15,0,0.3157,-0.0291,0.0103,0
03/13/2020,GILD200313C00058500,0,0,8.55,12.75,0,0.4044,0.9211,0.0174,0,58.500,GILD200313P00058500,0.41,0,0,0.2,0,0.3189,-0.0371,0.0124,26
03/13/2020,GILD200313C00059000,0,0,8.4,11.35,0,0.02,1,0.0183,0,59.000,GILD200313P00059000,0.13,-0.005,0.05,0.2,1,0.3189,-0.0451,0.0146,10
03/13/2020,GILD200313C00059500,0,0,7.85,11.7,0,0.4342,0.8841,0.0217,0,59.500,GILD200313P00059500,0.18,0,0.04,0.2,0,0.3119,-0.0506,0.0163,13
03/13/2020,GILD200313C00060000,0,0,7.15,11.3,0,0.4219,0.8771,0.0232,0,60.000,GILD200313P00060000,0.2,0.03,0.09,0.19,4,0.2952,-0.0515,0.0175,9
03/13/2020,GILD200313C00060500,0,0,8.45,10.8,0,0.3649,0.8938,0.0242,0,60.500,GILD200313P00060500,0.2,-0.145,0.1,0.45,1,0.2995,-0.0649,0.0207,2
03/13/2020,GILD200313C00061000,8.4,0,7.75,9.2,0,0.3586,0.8834,0.0263,2,61.000,GILD200313P00061000,0.76,0,0.15,0.33,0,0.3005,-0.0783,0.0238,27
03/13/2020,GILD200313C00061500,0,0,7.05,8.35,0,0.3922,0.8486,0.0289,0,61.500,GILD200313P00061500,0.35,0,0.18,0.63,20,0.3048,-0.0953,0.0272,39
03/13/2020,GILD200313C00062000,7.5,0,6.6,8.25,0,0.3594,0.8503,0.0313,2,62.000,GILD200313P00062000,0.5,0.075,0.25,0.46,325,0.3102,-0.115,0.0306,326
03/13/2020,GILD200313C00062500,2.55,0,6.2,7.8,0,0.3405,0.8439,0.034,1,62.500,GILD200313P00062500,0.56,0.06,0.32,0.55,12,0.3106,-0.1335,0.0339,57
03/13/2020,GILD200313C00063000,5.6,-1.1,5.85,7,1,0.3364,0.8271,0.0368,3,63.000,GILD200313P00063000,0.8,0.19,0.44,0.66,4,0.3141,-0.1555,0.0372,6
03/13/2020,GILD200313C00063500,0,0,5.85,6.4,0,0.3305,0.8101,0.0398,0,63.500,GILD200313P00063500,0.75,0,0.52,1.01,0,0.3181,-0.1792,0.0402,7
03/13/2020,GILD200313C00064000,5.45,0,5.55,5.95,0,0.3326,0.7866,0.0425,22,64.000,GILD200313P00064000,0.7,-0.22,0.73,0.92,3,0.3215,-0.2044,0.0431,95
03/13/2020,GILD200313C00064500,3,0,4.6,5.65,0,0.3311,0.7643,0.0452,1,64.500,GILD200313P00064500,1.05,0,0.55,1.49,0,0.3259,-0.231,0.0457,1
03/13/2020,GILD200313C00065000,4.6,-0.825,4.75,5.35,18,0.3378,0.7356,0.0471,100,65.000,GILD200313P00065000,1.4,0.155,1.05,1.3,12,0.3286,-0.2575,0.048,54
03/13/2020,GILD200313C00065500,4.57,-0.43,4.55,5.25,1,0.3408,0.7087,0.049,9,65.500,GILD200313P00065500,1.55,0.095,0.65,1.72,9,0.3361,-0.2863,0.0495,16
03/13/2020,GILD200313C00066000,4.4,0,4.1,4.55,0,0.3421,0.6817,0.0508,17,66.000,GILD200313P00066000,1.51,0.015,1.46,1.96,6,0.34,-0.3144,0.051,7
03/13/2020,GILD200313C00066500,3.95,-0.375,3.65,4.3,39,0.3472,0.6535,0.0518,34,66.500,GILD200313P00066500,2.11,0,1.53,2.41,0,0.3447,-0.3432,0.0521,14
03/13/2020,GILD200313C00067000,3.5,-0.55,3.55,4.1,24,0.351,0.6251,0.0527,72,67.000,GILD200313P00067000,0,0,1.27,2.18,0,0.3486,-0.3718,0.053,0
03/13/2020,GILD200313C00067500,3.5,-0.3,3.3,3.7,400,0.3519,0.5979,0.0536,791,67.500,GILD200313P00067500,2.22,-0.27,1.9,2.44,1,0.3545,-0.4,0.0532,36
03/13/2020,GILD200313C00068000,3.2,-0.425,3,3.7,283,0.3548,0.5702,0.054,330,68.000,GILD200313P00068000,2.8,-0.005,2.31,2.7,11,0.3598,-0.4274,0.0533,38
03/13/2020,GILD200313C00068500,3.1,-0.25,2.78,3.4,8,0.3625,0.5424,0.0534,157,68.500,GILD200313P00068500,3.1,0,2.04,3.3,0,0.3694,-0.4546,0.0524,3
03/13/2020,GILD200313C00069000,3,-0.12,2.75,3.1,47,0.3706,0.5164,0.0525,143,69.000,GILD200313P00069000,3.23,-0.17,2.31,3.7,1,0.3775,-0.4804,0.0516,8
03/13/2020,GILD200313C00069500,3.1,0.165,2.46,2.98,13,0.3685,0.4901,0.0528,38,69.500,GILD200313P00069500,0,0,3.2,3.9,0,0.3826,-0.5061,0.0509,0
03/13/2020,GILD200313C00070000,2.6,-0.11,2.31,2.66,126,0.3739,0.4649,0.0519,926,70.000,GILD200313P00070000,4.05,0,3.55,4.25,0,0.392,-0.5287,0.0495,18
03/13/2020,GILD200313C00070500,2.03,-0.63,2.2,2.59,1,0.3799,0.4409,0.0507,19,70.500,GILD200313P00070500,0,0,4,4.8,0,0.3987,-0.5515,0.0484,0
03/13/2020,GILD200313C00071000,1.96,-0.51,2.01,2.3,33,0.3982,0.4223,0.048,56,71.000,GILD200313P00071000,0,0,4.35,4.9,0,0.4047,-0.573,0.0473,0
03/13/2020,GILD200313C00071500,1.75,-0.62,1.94,2.5,21,0.3896,0.3956,0.0483,47,71.500,GILD200313P00071500,6.92,0,4.1,5.4,0,0.4118,-0.5935,0.046,2
03/13/2020,GILD200313C00072500,1.9,-0.205,1.63,1.97,18,0.4008,0.356,0.0454,50,72.500,GILD200313P00072500,0,0,5.5,6,0,0.4271,-0.6302,0.0431,0
03/13/2020,GILD200313C00073000,1.7,-0.27,1.6,1.95,112,0.4071,0.3377,0.0439,139,73.000,GILD200313P00073000,6.4,0,5.5,6.45,0,0.4346,-0.6472,0.0417,2
03/13/2020,GILD200313C00075000,1.4,-0.175,1.19,1.49,139,0.421,0.2683,0.0383,1108,75.000,GILD200313P00075000,7.8,0.125,7.45,8.1,1,0.4722,-0.7018,0.0358,1
03/13/2020,GILD200313C00080000,0.85,-0.15,0.7,0.9,385,0.4783,0.1628,0.0252,2684,80.000,GILD200313P00080000,0,0,12,13.2,0,0.5519,-0.7949,0.025,0
03/13/2020,GILD200313C00085000,0.41,0.41,0.41,0.71,3,0.545,0.111,0.017,3,85.000,GILD200313P00085000,0,0,16.45,17.35,0,0.6167,-0.8526,0.0181,0
03/13/2020,GILD200313C00090000,0,0,0.16,1.26,0,0.5679,0.0662,0.0111,0,90.000,GILD200313P00090000,0,0,20.35,22.25,0,0.6762,-0.8891,0.0135,0
03/13/2020,GILD200313C00095000,0,0,0.1,0.28,0,0.5934,0.0409,0.0072,0,95.000,GILD200313P00095000,0,0,25.4,28.1,0,0.8334,-0.8783,0.0117,0
03/13/2020,GILD200313C00100000,0.16,0.16,0.12,0.18,313,0.644,0.0316,0.0054,310,100.000,GILD200313P00100000,0,0,29.65,33.4,0,0.8092,-0.9219,0.0086,0
03/20/2020,GILD200320C00047500,0,0,20.6,22.8,0,0.02,1,0.0068,0,47.500,GILD200320P00047500,0.02,0,0,0.04,1,0.4597,-0.0057,0.0016,16
03/20/2020,GILD200320C00050000,16.54,0,16.7,20.1,0,0.7999,0.9053,0.0089,147,50.000,GILD200320P00050000,0.03,0.01,0,0.04,34,0.4067,-0.007,0.0021,213
03/20/2020,GILD200320C00055000,14.15,-0.55,13.35,14.9,1,0.4769,0.9281,0.0119,90,55.000,GILD200320P00055000,0.01,-0.035,0.01,0.07,47,0.3223,-0.0152,0.0053,226
03/20/2020,GILD200320C00057500,10.43,-0.595,10.55,12.05,24,0.02,1,0.0158,136,57.500,GILD200320P00057500,0.08,-0.005,0.08,0.11,247,0.2968,-0.0298,0.0101,1542
03/20/2020,GILD200320C00060000,9.4,0.025,9,9.6,27,0.3625,0.8798,0.0236,958,60.000,GILD200320P00060000,0.25,-0.015,0.2,0.28,478,0.2918,-0.0709,0.0206,8602
03/20/2020,GILD200320C00062500,7.25,0.1,6.8,7.35,46,0.3353,0.8157,0.0344,2729,62.500,GILD200320P00062500,0.59,-0.035,0.53,0.65,1059,0.3004,-0.1552,0.0351,7384
03/20/2020,GILD200320C00065000,5.13,-0.145,4.8,5.4,1691,0.3282,0.7108,0.0456,4573,65.000,GILD200320P00065000,1.3,-0.07,1.23,1.45,2148,0.3149,-0.2763,0.0469,7512
03/20/2020,GILD200320C00067500,3.7,-0.175,3.5,3.85,1590,0.3478,0.5797,0.0495,12204,67.500,GILD200320P00067500,2.41,-0.105,2.3,2.68,164,0.3351,-0.4123,0.0513,2272
03/20/2020,GILD200320C00070000,2.65,-0.185,2.55,2.67,2068,0.3587,0.4569,0.0488,13568,70.000,GILD200320P00070000,4,-0.05,3.85,4.25,154,0.3606,-0.537,0.0485,1642
03/20/2020,GILD200320C00072500,1.93,-0.195,1.75,2.08,636,0.3809,0.3533,0.0431,5358,72.500,GILD200320P00072500,5.8,-0.1,5.4,6.2,18,0.3842,-0.6393,0.0428,248
03/20/2020,GILD200320C00075000,1.43,-0.235,1.41,1.43,5721,0.403,0.2722,0.0364,11872,75.000,GILD200320P00075000,7.9,-0.15,7.65,8.1,8,0.4073,-0.719,0.0362,110
03/20/2020,GILD200320C00077500,1.1,1.1,1.05,1.21,146,0.4302,0.2142,0.03,118,77.500,GILD200320P00077500,10.53,10.53,9.8,11.05,20,0.4343,-0.7771,0.0299,20
03/20/2020,GILD200320C00080000,0.84,-0.195,0.83,0.94,6808,0.4532,0.1691,0.0246,24873,80.000,GILD200320P00080000,12.46,0,12.1,12.7,0,0.4708,-0.8144,0.0246,35
03/20/2020,GILD200320C00085000,0.5,-0.155,0.45,0.59,4370,0.4885,0.1043,0.0164,10580,85.000,GILD200320P00085000,17.15,0,16.75,17.4,0,0.514,-0.8764,0.017,41
03/20/2020,GILD200320C00090000,0.32,-0.09,0.3,0.35,917,0.5322,0.0709,0.0113,12111,90.000,GILD200320P00090000,21.7,0,21.55,22.25,0,0.5692,-0.9075,0.0123,23
03/20/2020,GILD200320C00095000,0.2,0.2,0.15,0.29,5,0.5689,0.0491,0.0079,5,95.000,GILD200320P00095000,0,0,25.05,28.2,0,0.604,-0.933,0.0088,0
03/20/2020,GILD200320C00100000,0.15,0.15,0.13,0.15,3487,0.5889,0.0316,0.0053,3046,100.000,GILD200320P00100000,0,0,30.3,32.6,0,0,-0.9556,0.006,0
03/27/2020,GILD200327C00059000,0,0,8.6,11.75,0,0.3376,0.902,0.0199,0,59.000,GILD200327P00059000,0.26,0.025,0.11,0.28,4,0.2923,-0.0643,0.0175,4
03/27/2020,GILD200327C00059500,0,0,7.6,11.8,0,0.3234,0.8986,0.0213,0,59.500,GILD200327P00059500,0.31,0.105,0.16,0.51,4,0.286,-0.071,0.0193,4
03/27/2020,GILD200327C00060000,0,0,7.95,10.1,0,0.3557,0.8661,0.0239,0,60.000,GILD200327P00060000,0.31,0.055,0.2,0.38,4,0.2855,-0.0826,0.0218,8
03/27/2020,GILD200327C00060500,0,0,8,9.25,0,0.3456,0.8579,0.0257,0,60.500,GILD200327P00060500,0,0,0.24,0.75,0,0.2883,-0.0977,0.0244,0
03/27/2020,GILD200327C00061000,0,0,8,8.75,0,0.3403,0.8461,0.0276,0,61.000,GILD200327P00061000,0.42,0.055,0.3,0.85,16,0.2896,-0.1132,0.027,16
03/27/2020,GILD200327C00061500,8.12,0,7.35,8.65,0,0.3438,0.8276,0.0295,5,61.500,GILD200327P00061500,0,0,0.4,0.52,0,0.2858,-0.1266,0.0296,0
03/27/2020,GILD200327C00062000,0,0,7.3,8.05,0,0.3353,0.8159,0.0316,0,62.000,GILD200327P00062000,0.65,0.045,0.48,0.64,1,0.2921,-0.1482,0.0322,3
03/27/2020,GILD200327C00062500,0,0,6.25,7.75,0,0.3414,0.7943,0.0333,0,62.500,GILD200327P00062500,0.66,-0.045,0.16,0.72,13,0.2907,-0.1661,0.0349,14
03/27/2020,GILD200327C00063000,0,0,6.35,7.05,0,0.3245,0.7854,0.036,0,63.000,GILD200327P00063000,1.06,0.27,0.69,1.4,3,0.3021,-0.1936,0.037,3
03/27/2020,GILD200327C00063500,0,0,5.5,6.7,0,0.3279,0.7635,0.0377,0,63.500,GILD200327P00063500,1.14,0.035,0.83,1.49,2,0.3033,-0.2158,0.0393,3
03/27/2020,GILD200327C00064000,6.2,0,5.55,6.35,0,0.3233,0.7451,0.0399,10,64.000,GILD200327P00064000,1.37,0.055,0.97,1.76,1,0.323,-0.2486,0.0399,3
03/27/2020,GILD200327C00064500,0,0,5.45,5.95,0,0.3217,0.7236,0.0418,0,64.500,GILD200327P00064500,1.23,-0.395,1.13,1.65,10,0.3094,-0.2634,0.043,10
03/27/2020,GILD200327C00065000,4.76,0,5.1,5.6,0,0.323,0.7007,0.0433,21,65.000,GILD200327P00065000,1.64,0.1,1.3,2.17,2,0.3135,-0.2886,0.0443,31
03/27/2020,GILD200327C00065500,4.8,0,4.7,5.45,0,0.3297,0.6746,0.044,5,65.500,GILD200327P00065500,1.66,-0.28,1.5,2.05,20,0.3155,-0.3135,0.0457,20
03/27/2020,GILD200327C00066000,0,0,3.9,4.9,0,0.3316,0.6503,0.0451,0,66.000,GILD200327P00066000,2.13,-0.055,1.72,2.59,1,0.3192,-0.3389,0.0466,1
03/27/2020,GILD200327C00066500,3.4,-1.3,3.75,4.6,7,0.3346,0.6258,0.0458,12,66.500,GILD200327P00066500,0,0,1.94,2.49,0,0.3223,-0.3648,0.0474,0
03/27/2020,GILD200327C00067000,4.15,-0.175,3.6,4.4,11,0.3358,0.602,0.0465,26,67.000,GILD200327P00067000,2.5,-0.125,2.21,3.1,1,0.3266,-0.3901,0.0477,5
03/27/2020,GILD200327C00067500,0,0,3.25,4.05,0,0.3384,0.5777,0.0468,0,67.500,GILD200327P00067500,2.82,0.01,2.45,3,12,0.3301,-0.4154,0.048,32
03/27/2020,GILD200327C00068000,3.68,-0.17,3.5,3.85,16,0.3403,0.5532,0.0471,250,68.000,GILD200327P00068000,3.45,0.38,2.72,3.55,4,0.3354,-0.4397,0.0477,4
03/27/2020,GILD200327C00068500,3.44,-0.185,3.3,3.7,8,0.3432,0.5292,0.047,12,68.500,GILD200327P00068500,3.7,0.25,3.05,3.6,2,0.3367,-0.4646,0.0479,2
03/27/2020,GILD200327C00069000,3,-0.45,3,3.75,36,0.3444,0.5057,0.047,64,69.000,GILD200327P00069000,3.5,-0.175,3.4,3.85,5,0.3413,-0.4874,0.0474,5
03/27/2020,GILD200327C00069500,3.1,-0.1,2.84,3.3,2,0.3388,0.4813,0.0477,53,69.500,GILD200327P00069500,3.96,0,3.7,4.5,0,0.3462,-0.5104,0.0467,4
03/27/2020,GILD200327C00070000,2.83,-0.215,2.65,3.05,48,0.3523,0.4613,0.0458,103,70.000,GILD200327P00070000,4.2,-0.075,4,4.6,7,0.3502,-0.5325,0.046,17
03/27/2020,GILD200327C00070500,2.1,-0.75,2.27,2.95,14,0.355,0.4397,0.0451,14,70.500,GILD200327P00070500,0,0,4.35,5.3,0,0.3557,-0.5534,0.045,0
03/27/2020,GILD200327C00071000,2.62,-0.165,1.78,3.1,5,0.3592,0.4197,0.0442,14,71.000,GILD200327P00071000,0,0,4.05,5.3,0,0.3603,-0.5734,0.0441,0
03/27/2020,GILD200327C00071500,2.5,0,2.28,2.65,0,0.3626,0.3998,0.0433,1,71.500,GILD200327P00071500,0,0,4.35,6.05,0,0.3666,-0.5921,0.0429,0
03/27/2020,GILD200327C00072000,1.69,-0.69,1.52,2.64,11,0.3665,0.3809,0.0422,56,72.000,GILD200327P00072000,4.9,0,5.4,6,0,0.3686,-0.6119,0.042,12
03/27/2020,GILD200327C00072500,1.51,-0.85,1.95,2.41,3,0.3707,0.3629,0.0411,26,72.500,GILD200327P00072500,0,0,5.7,6.9,0,0.3759,-0.6281,0.0407,0
03/27/2020,GILD200327C00073000,1.58,-0.565,1.51,2.1,17,0.3733,0.345,0.0401,92,73.000,GILD200327P00073000,6.25,0,6.15,6.8,0,0.3761,-0.6473,0.0399,1
03/27/2020,GILD200327C00075000,1.49,1.49,1.44,1.74,107,0.3918,0.2851,0.0353,68,75.000,GILD200327P00075000,0,0,7.3,8.35,0,0.3986,-0.7045,0.0349,0
03/27/2020,GILD200327C00080000,1.07,1.07,0.83,1.14,90,0.4346,0.1798,0.0246,85,80.000,GILD200327P00080000,0,0,12.05,13.45,0,0.4447,-0.8072,0.0246,0
03/27/2020,GILD200327C00085000,0.45,0.45,0.22,0.75,19,0.4759,0.1188,0.017,19,85.000,GILD200327P00085000,0,0,16.8,17.4,0,0.4967,-0.8632,0.0174,0
03/27/2020,GILD200327C00090000,0.37,0.37,0.31,0.95,2,0.5639,0.1049,0.0131,1,90.000,GILD200327P00090000,0,0,20.55,22.15,0,0.5379,-0.9007,0.0126,0
03/27/2020,GILD200327C00095000,0.26,0.26,0.18,0.42,1,0.5527,0.0596,0.0087,1,95.000,GILD200327P00095000,0,0,25.55,27.7,0,0.5892,-0.9199,0.0097,0
03/27/2020,GILD200327C00100000,0.2,0.2,0.15,0.35,2,0.5902,0.0454,0.0066,2,100.000,GILD200327P00100000,0,0,29.7,33.4,0,0.6076,-0.9427,0.007,0
04/17/2020,GILD200417C00050000,15.8,0,16.75,19.75,0,0.5652,0.9147,0.0086,55,50.000,GILD200417P00050000,0.04,0.01,0,0.05,20,0.3136,-0.0077,0.0023,203
04/17/2020,GILD200417C00055000,14.5,0,11.7,15.55,0,0.4041,0.905,0.0131,10,55.000,GILD200417P00055000,0.09,-0.04,0.04,0.13,55,0.2741,-0.0261,0.0075,928
04/17/2020,GILD200417C00057500,11.8,0,11.05,12.05,0,0.3453,0.8889,0.0174,49,57.500,GILD200417P00057500,0.21,-0.035,0.19,0.36,42,0.274,-0.059,0.0145,590
04/17/2020,GILD200417C00060000,9.38,-0.22,9.3,10,14,0.3277,0.8388,0.0242,364,60.000,GILD200417P00060000,0.54,0,0.41,0.54,125,0.2744,-0.1151,0.0239,4531
04/17/2020,GILD200417C00062500,7.3,-0.225,7.05,8.15,191,0.3104,0.7706,0.0322,604,62.500,GILD200417P00062500,1,-0.1,0.9,1.18,143,0.2798,-0.2006,0.0338,9781
04/17/2020,GILD200417C00065000,5.7,-0.1,5.4,5.85,1314,0.3121,0.6735,0.0384,2861,65.000,GILD200417P00065000,1.83,-0.135,1.44,2,130,0.291,-0.3089,0.0408,3601
04/17/2020,GILD200417C00067500,4.38,-0.07,4,4.45,761,0.3185,0.5678,0.0413,2807,67.500,GILD200417P00067500,3.03,-0.17,2.96,3.35,500,0.3052,-0.4222,0.0431,2648
04/17/2020,GILD200417C00070000,3.2,-0.275,3.1,3.45,2339,0.333,0.4672,0.0401,7717,70.000,GILD200417P00070000,4.56,-0.19,4.45,4.9,145,0.3198,-0.5276,0.0417,421
04/17/2020,GILD200417C00072500,2.55,-0.23,2.36,2.74,870,0.3486,0.3791,0.0367,3835,72.500,GILD200417P00072500,7.01,0,6.2,6.65,0,0.3371,-0.6173,0.0378,182
04/17/2020,GILD200417C00075000,1.96,-0.295,1.91,2.02,1406,0.3649,0.308,0.0324,5505,75.000,GILD200417P00075000,8.22,-0.33,8.15,8.65,10,0.3531,-0.6909,0.0332,52
04/17/2020,GILD200417C00077500,1.6,1.6,1.45,1.67,61,0.3845,0.2523,0.028,52,77.500,GILD200417P00077500,10.7,10.7,10.2,10.8,1,0.3804,-0.7417,0.0281,1
04/17/2020,GILD200417C00080000,1.27,-0.27,1.25,1.27,8747,0.4039,0.2088,0.024,41180,80.000,GILD200417P00080000,12.62,-0.255,12.35,13.05,7,0.3958,-0.7879,0.0241,123
04/17/2020,GILD200417C00085000,0.8,-0.23,0.79,0.96,958,0.4311,0.141,0.0175,5211,85.000,GILD200417P00085000,0,0,17,17.85,0,0.4349,-0.8475,0.0176,0
04/17/2020,GILD200417C00090000,0.64,-0.08,0.6,0.7,373,0.4705,0.105,0.013,1622,90.000,GILD200417P00090000,22.2,0,21.2,22.4,0,0.4676,-0.8877,0.013,9
04/17/2020,GILD200417C00095000,0.41,0.41,0.42,0.59,1519,0.5135,0.0842,0.0102,1470,95.000,GILD200417P00095000,0,0,26.55,27.65,0,0.4878,-0.9188,0.0095,0
04/17/2020,GILD200417C00100000,0.83,0.83,0.23,0.68,37,0.5642,0.0743,0.0084,37,100.000,GILD200417P00100000,32.9,32.9,31.35,32.65,2,0.5206,-0.9345,0.0074,2
05/15/2020,GILD200515C00037500,32.16,0,29.4,34,0,0.9147,0.9318,0.0038,5,37.500,GILD200515P00037500,0.13,0,0,0.04,0,0.4628,-0.0035,0.0007,81
05/15/2020,GILD200515C00040000,29.3,0,26.8,31.5,0,0.828,0.927,0.0044,44,40.000,GILD200515P00040000,0.03,0,0,0.04,0,0.4173,-0.0039,0.0008,43
05/15/2020,GILD200515C00042500,26.75,0.75,24.3,29,1,0.02,1,0.0048,56,42.500,GILD200515P00042500,0.03,0,0,0.05,0,0.3835,-0.0051,0.0011,59
05/15/2020,GILD200515C00045000,24.65,0,21.75,26.5,0,0.5783,0.9381,0.0055,15,45.000,GILD200515P00045000,0.03,0.005,0,0.06,3,0.3504,-0.0067,0.0015,176
05/15/2020,GILD200515C00047500,15.6,0,19.3,23.85,0,0.5219,0.9308,0.0067,3,47.500,GILD200515P00047500,0.04,0,0,0.11,0,0.3395,-0.0128,0.0028,200
05/15/2020,GILD200515C00050000,14.8,0,16.7,19.5,0,0.4275,0.9366,0.0076,57,50.000,GILD200515P00050000,0.07,0,0,0.16,0,0.3132,-0.0186,0.0041,1589
05/15/2020,GILD200515C00052500,12.05,0,14.35,19,0,0.3387,0.9451,0.0085,24,52.500,GILD200515P00052500,0.14,0.025,0,0.27,20,0.2983,-0.0314,0.0067,121
05/15/2020,GILD200515C00055000,13,0,12,16.5,0,0.3458,0.9075,0.0129,178,55.000,GILD200515P00055000,0.23,-0.05,0.16,0.31,25,0.2795,-0.0495,0.0104,1450
05/15/2020,GILD200515C00057500,10.9,-1.125,11.35,12.8,7,0.3094,0.8831,0.0173,79,57.500,GILD200515P00057500,0.45,-0.135,0.37,0.97,11,0.2797,-0.0906,0.0165,3522
05/15/2020,GILD200515C00060000,9.78,-0.07,9.4,10.15,91,0.2938,0.8344,0.0234,474,60.000,GILD200515P00060000,0.87,-0.18,0.8,1.09,43,0.2828,-0.1518,0.0236,3738
05/15/2020,GILD200515C00062500,7.9,-0.175,7.5,8.15,23,0.289,0.7625,0.0299,810,62.500,GILD200515P00062500,1.5,-0.3,1.44,1.71,198,0.2881,-0.2308,0.0299,5014
05/15/2020,GILD200515C00065000,6.3,-0.175,5.95,6.35,303,0.3001,0.67,0.0339,2086,65.000,GILD200515P00065000,2.5,-0.145,1.65,2.94,23,0.2993,-0.3233,0.034,1130
05/15/2020,GILD200515C00067500,5.05,-0.2,4.85,5.1,583,0.3106,0.5773,0.0355,5959,67.500,GILD200515P00067500,3.67,-0.23,3.4,3.85,370,0.3147,-0.4164,0.035,1866
05/15/2020,GILD200515C00070000,3.98,-0.22,3.8,4,1233,0.318,0.4886,0.0354,4291,70.000,GILD200515P00070000,5.1,-0.275,4.55,5.55,746,0.3221,-0.5043,0.035,1215
05/15/2020,GILD200515C00072500,3.05,-0.325,3,3.3,681,0.33,0.4092,0.0333,3434,72.500,GILD200515P00072500,6.9,0,6.65,7.15,0,0.3365,-0.5817,0.0327,81
05/15/2020,GILD200515C00075000,2.46,-0.385,2.3,2.55,1206,0.3421,0.3413,0.0304,4210,75.000,GILD200515P00075000,9.5,0.525,8.4,9.1,1,0.3455,-0.6505,0.0301,283
05/15/2020,GILD200515C00077500,2.04,2.04,1.9,2.13,603,0.3544,0.2846,0.0271,603,77.500,GILD200515P00077500,0,0,9.75,11.15,0,0.362,-0.7038,0.0268,0
05/15/2020,GILD200515C00080000,1.62,-0.305,1.55,1.65,1302,0.364,0.2359,0.024,8088,80.000,GILD200515P00080000,13.1,0,11.65,13.3,0,0.3866,-0.7415,0.0234,518
05/15/2020,GILD200515C00085000,1.1,-0.215,1,1.2,257,0.3923,0.1693,0.0182,4732,85.000,GILD200515P00085000,19.66,0,16.45,17.85,0,0.4266,-0.8,0.0182,6
05/15/2020,GILD200515C00090000,0.8,-0.13,0.7,0.9,1792,0.4137,0.1215,0.0138,4800,90.000,GILD200515P00090000,22.25,0,21.3,22.4,0,0.4569,-0.844,0.0145,455
05/15/2020,GILD200515C00095000,0.54,0.54,0.47,0.76,271,0.4327,0.0883,0.0105,263,95.000,GILD200515P00095000,0,0,26.45,27.35,0,0.482,-0.8768,0.0116,0
05/15/2020,GILD200515C00100000,0.4,0.4,0.32,0.48,2,0.4574,0.0686,0.0082,2,100.000,GILD200515P00100000,0,0,30.55,32.75,0,0.4965,-0.9054,0.0092,0
06/19/2020,GILD200619C00032500,0,0,34.25,38.95,0,1.0346,0.9222,0.0029,0,32.500,GILD200619P00032500,0.07,0,0,0.04,0,0.4834,-0.0032,0.0005,29
06/19/2020,GILD200619C00035000,32.59,0,31.7,36.45,0,0.9567,0.915,0.0034,0,35.000,GILD200619P00035000,0.05,0,0,0.05,0,0.4502,-0.0042,0.0007,14
06/19/2020,GILD200619C00037500,0,0,29.15,33.95,0,0.8256,0.916,0.0039,0,37.500,GILD200619P00037500,0.08,0,0,0.05,0,0.4085,-0.0047,0.0008,57
06/19/2020,GILD200619C00040000,26.69,0,26.8,31.5,0,0.6776,0.9241,0.0044,22,40.000,GILD200619P00040000,0.1,0,0,0.07,0,0.3779,-0.0062,0.0011,1646
06/19/2020,GILD200619C00042500,0,0,24.3,29,0,0.6186,0.9171,0.0052,0,42.500,GILD200619P00042500,0.15,0,0,0.11,0,0.3635,-0.0105,0.0018,69
06/19/2020,GILD200619C00045000,24.17,0,21.8,26.5,0,0.02,1,0.006,12,45.000,GILD200619P00045000,0.08,-0.03,0,0.16,15,0.3402,-0.015,0.0027,3769
06/19/2020,GILD200619C00047500,19.3,0,19.3,24,0,0.4692,0.9128,0.0072,47,47.500,GILD200619P00047500,0.17,0,0,0.23,0,0.3264,-0.024,0.0042,1063
06/19/2020,GILD200619C00050000,18.57,0.245,17.75,19.8,20,0.02,1,0.0077,151,50.000,GILD200619P00050000,0.18,-0.095,0,0.41,5,0.3244,-0.0423,0.0067,3497
06/19/2020,GILD200619C00052500,0,0,14.4,19,0,0.02,1,0.0107,0,52.500,GILD200619P00052500,0.27,-0.055,0,0.35,4,0.287,-0.0507,0.0088,985
06/19/2020,GILD200619C00055000,12.95,-1.55,12,16.5,1,0.3226,0.8786,0.0139,200,55.000,GILD200619P00055000,0.43,-0.145,0.3,0.54,76,0.2788,-0.0803,0.0129,4823
06/19/2020,GILD200619C00057500,11.72,-0.455,11.55,13.15,17,0.3105,0.8373,0.0181,169,57.500,GILD200619P00057500,0.71,-0.23,0.37,1.19,146,0.28,-0.1285,0.0181,2587
06/19/2020,GILD200619C00060000,10.05,-0.05,9.3,10.75,50,0.2889,0.7909,0.0231,1460,60.000,GILD200619P00060000,1.3,-0.185,1.14,1.62,66,0.2873,-0.1944,0.0231,7112
06/19/2020,GILD200619C00062500,7.49,-0.935,7.8,8.55,169,0.3054,0.7117,0.0263,3377,62.500,GILD200619P00062500,2.1,-0.16,1.43,2.15,225,0.2828,-0.2633,0.0278,5043
06/19/2020,GILD200619C00065000,5.65,-1.225,6,6.95,194,0.3011,0.6375,0.0296,5916,65.000,GILD200619P00065000,3.1,-0.2,2.75,3.65,14,0.2837,-0.3441,0.0312,3812
06/19/2020,GILD200619C00067500,5.45,-0.175,4.6,5.65,744,0.3041,0.5582,0.031,3043,67.500,GILD200619P00067500,4.6,-0.3,3.65,4.75,477,0.2972,-0.428,0.0317,2073
06/19/2020,GILD200619C00070000,4.34,-0.21,4,4.5,893,0.3115,0.4815,0.0307,5099,70.000,GILD200619P00070000,6.1,0.325,5.15,6.25,4,0.3091,-0.505,0.0309,4527
06/19/2020,GILD200619C00072500,3.52,-0.18,2.56,3.9,49,0.3194,0.4118,0.0293,1951,72.500,GILD200619P00072500,7.9,0.2,7.05,8.05,20,0.3201,-0.5741,0.0292,551
06/19/2020,GILD200619C00075000,2.8,-0.225,2.4,3,447,0.3275,0.3505,0.0272,4803,75.000,GILD200619P00075000,9.48,-0.045,8.9,9.8,7,0.3215,-0.6398,0.0276,344
06/19/2020,GILD200619C00077500,2.07,-0.44,2.25,2.35,17,0.3349,0.2962,0.0249,1458,77.500,GILD200619P00077500,15.21,0,10.7,11.85,0,0.2995,-0.7181,0.0265,154
06/19/2020,GILD200619C00080000,1.91,-0.18,1.62,2,1712,0.3404,0.2487,0.0225,5405,80.000,GILD200619P00080000,14.5,1.325,12,13.8,20,0.323,-0.7519,0.0229,394
06/19/2020,GILD200619C00085000,1.22,-0.23,1.11,1.42,180,0.3584,0.1798,0.0177,4485,85.000,GILD200619P00085000,17.98,0,16.85,19.15,0,0.3775,-0.7912,0.0176,55
06/19/2020,GILD200619C00090000,0.91,-0.145,0.83,0.99,242,0.374,0.1304,0.0137,2851,90.000,GILD200619P00090000,24.47,0,21.25,23.45,0,0.3773,-0.8533,0.0138,18
06/19/2020,GILD200619C00095000,0.6,-0.185,0.51,0.79,39,0.3917,0.0977,0.0107,251,95.000,GILD200619P00095000,32.15,0,25.6,28.9,0,0.3951,-0.8862,0.0107,25
06/19/2020,GILD200619C00100000,0.59,-0.005,0.4,0.6,329,0.3989,0.0692,0.0081,1574,100.000,GILD200619P00100000,35.88,0,30.35,33.8,0,0.4072,-0.9123,0.0083,6
08/21/2020,GILD200821C00037500,0,0,29.25,34,0,0.6579,0.9166,0.0039,0,37.500,GILD200821P00037500,0.1,0,0,0.17,0,0.3854,-0.011,0.0015,3
08/21/2020,GILD200821C00040000,29.5,0,26.8,31.5,0,0.6095,0.9081,0.0046,5,40.000,GILD200821P00040000,0,0,0.01,0.22,0,0.3674,-0.0159,0.0022,0
08/21/2020,GILD200821C00042500,0,0,24.3,29,0,0.5023,0.9153,0.0052,0,42.500,GILD200821P00042500,0.22,0,0.01,0.29,0,0.3456,-0.0214,0.0029,40
08/21/2020,GILD200821C00045000,22.55,0,21.8,26.5,0,0.4754,0.9011,0.0063,10,45.000,GILD200821P00045000,0.25,0,0,0.4,0,0.3256,-0.0291,0.0041,174
08/21/2020,GILD200821C00047500,0,0,19.35,24,0,0.3747,0.9139,0.007,0,47.500,GILD200821P00047500,0.39,0,0.02,0.42,0,0.3153,-0.0434,0.0058,2174
08/21/2020,GILD200821C00050000,16.5,0,17,21.6,0,0.3378,0.9032,0.0087,3,50.000,GILD200821P00050000,0.37,-0.045,0.27,0.85,8,0.2928,-0.0564,0.0077,3111
08/21/2020,GILD200821C00055000,13.4,-1.25,13.35,15.1,2,0.3053,0.8479,0.0141,31,55.000,GILD200821P00055000,0.95,0,0.7,0.97,3,0.2704,-0.1119,0.014,1179
08/21/2020,GILD200821C00057500,11.65,-0.9,12.1,13.25,3,0.288,0.8104,0.0176,10,57.500,GILD200821P00057500,1.36,0.205,0.92,1.6,13,0.2748,-0.1638,0.0178,1369
08/21/2020,GILD200821C00060000,10.5,-0.125,10.2,10.95,57,0.2838,0.7561,0.021,96,60.000,GILD200821P00060000,2.2,0.425,1.82,2,39,0.2717,-0.2194,0.0215,1800
08/21/2020,GILD200821C00062500,8.8,-0.175,8.4,9.35,25,0.2843,0.6929,0.0238,170,62.500,GILD200821P00062500,2.75,0.05,2.34,2.92,29,0.2734,-0.2858,0.0246,1504
08/21/2020,GILD200821C00065000,7.25,-0.5,6.55,7.55,62,0.2856,0.6253,0.0258,1398,65.000,GILD200821P00065000,3.8,-0.05,3.35,3.85,312,0.2745,-0.3556,0.0267,1590
08/21/2020,GILD200821C00067500,5.5,-0.925,5.8,6.3,234,0.2863,0.5564,0.0269,778,67.500,GILD200821P00067500,5.5,0.1,4.85,5.5,10,0.2795,-0.4266,0.0276,518
08/21/2020,GILD200821C00070000,5,-0.275,4.8,5.15,128,0.2885,0.4892,0.0271,1942,70.000,GILD200821P00070000,6.45,0,5.95,6.9,0,0.2836,-0.4956,0.0276,656
08/21/2020,GILD200821C00072500,4.13,-0.195,3.25,4.3,49,0.2943,0.4265,0.0262,1380,72.500,GILD200821P00072500,9.5,0,7.8,8.9,0,0.2923,-0.5573,0.0264,135
08/21/2020,GILD200821C00075000,3.35,-0.2,3.15,3.5,63,0.3,0.3702,0.0248,1417,75.000,GILD200821P00075000,9.5,0,9.45,10.2,0,0.2922,-0.6178,0.0253,55
08/21/2020,GILD200821C00077500,2.42,2.42,2.56,2.91,6,0.299,0.3149,0.0234,6,77.500,GILD200821P00077500,0,0,11.45,12.25,0,0.2968,-0.67,0.0236,0
08/21/2020,GILD200821C00080000,2.29,-0.205,1.54,2.37,142,0.3008,0.267,0.0216,1717,80.000,GILD200821P00080000,0,0,13.05,14.2,0,0.2997,-0.717,0.0216,0
08/21/2020,GILD200821C00085000,1.44,-0.235,1.26,1.6,169,0.3121,0.1957,0.0175,796,85.000,GILD200821P00085000,0,0,17.7,18.5,0,0.3162,-0.7834,0.0175,0
08/21/2020,GILD200821C00090000,1.08,-0.07,0.9,1.2,189,0.3224,0.1432,0.0139,1070,90.000,GILD200821P00090000,23,0.85,22.25,22.95,4,0.3415,-0.8228,0.0141,4
08/21/2020,GILD200821C00095000,0.73,-0.05,0.7,0.8,14,0.3301,0.1038,0.0108,118,95.000,GILD200821P00095000,0,0,26.5,28.25,0,0.3793,-0.8395,0.0118,0
08/21/2020,GILD200821C00100000,0.58,0.58,0.19,0.64,6,0.3452,0.0811,0.0086,6,100.000,GILD200821P00100000,0,0,31.35,33.15,0,0.3497,-0.8987,0.0088,0
01/15/2021,GILD210115C00032500,36,0,34.1,39,0,0.6656,0.9065,0.003,12,32.500,GILD210115P00032500,0.11,0,0.05,0.29,0,0.3941,-0.0158,0.0015,305
01/15/2021,GILD210115C00035000,32.71,0,31.7,36.5,0,0.5888,0.9042,0.0034,14,35.000,GILD210115P00035000,0.12,0,0.05,0.4,0,0.3762,-0.0212,0.002,417
01/15/2021,GILD210115C00037500,29.7,0,29.1,34,0,0.02,1,0.0039,100,37.500,GILD210115P00037500,0.18,0,0.06,0.5,0,0.3557,-0.0271,0.0026,324
01/15/2021,GILD210115C00040000,29.25,0,27.5,31.6,0,0.467,0.8975,0.0046,70,40.000,GILD210115P00040000,0.31,0.135,0.01,0.65,2,0.3328,-0.0334,0.0033,625
01/15/2021,GILD210115C00042500,26,0,24.2,29,0,0.02,1,0.0052,12,42.500,GILD210115P00042500,0.38,0,0.05,0.85,0,0.3209,-0.0451,0.0044,880
01/15/2021,GILD210115C00045000,24,0,21.7,26.45,0,0.3263,0.9068,0.006,294,45.000,GILD210115P00045000,0.7,0.195,0.38,0.72,3,0.3031,-0.057,0.0056,2308
01/15/2021,GILD210115C00047500,22.14,0,19.3,24,0,0.3768,0.8581,0.0078,85,47.500,GILD210115P00047500,0.84,0.125,0.21,0.98,54,0.3023,-0.0808,0.0074,1952
01/15/2021,GILD210115C00050000,19.25,0.325,18,21.2,10,0.2975,0.8673,0.0093,1051,50.000,GILD210115P00050000,0.91,0,0.42,1.17,0,0.295,-0.106,0.0093,6021
01/15/2021,GILD210115C00052500,16.1,0,16.2,18.5,0,0.2902,0.8371,0.0113,640,52.500,GILD210115P00052500,1.55,0.085,1.35,1.65,20,0.2896,-0.1374,0.0113,4729
01/15/2021,GILD210115C00055000,15.15,0.1,13.75,15.45,36,0.2837,0.8012,0.0135,2365,55.000,GILD210115P00055000,1.98,-0.03,1.95,2.16,36,0.2824,-0.1728,0.0135,8816
01/15/2021,GILD210115C00057500,12.9,-0.35,11.75,14.65,240,0.2737,0.7621,0.0158,409,57.500,GILD210115P00057500,2.68,0.005,1.69,3.3,15,0.2795,-0.2157,0.0156,4789
01/15/2021,GILD210115C00060000,11.55,0.1,11,11.55,106,0.267,0.716,0.018,15918,60.000,GILD210115P00060000,3.45,0,3.3,3.7,147,0.278,-0.2635,0.0174,8246
01/15/2021,GILD210115C00062500,10,0.075,9.45,11.25,46,0.2661,0.6633,0.0197,5630,62.500,GILD210115P00062500,5.12,0.72,4.2,5.65,6,0.278,-0.3148,0.0189,7677
01/15/2021,GILD210115C00065000,8.55,-0.15,8,9.8,164,0.2671,0.6081,0.0208,4679,65.000,GILD210115P00065000,5.47,-0.03,5.25,5.95,64,0.2762,-0.3675,0.0201,11519
01/15/2021,GILD210115C00067500,7.11,-0.115,6.75,8.45,419,0.2657,0.5528,0.0217,3951,67.500,GILD210115P00067500,7.2,0.425,6.55,7.25,6,0.2781,-0.4204,0.0207,5686
01/15/2021,GILD210115C00070000,6.1,0.1,5.95,6.15,1265,0.2645,0.4976,0.0221,9712,70.000,GILD210115P00070000,8.23,0.105,7.85,8.5,31,0.2784,-0.4727,0.021,2549
01/15/2021,GILD210115C00072500,5.2,0.05,4.75,5.15,23,0.2639,0.4439,0.022,1111,72.500,GILD210115P00072500,9.7,0.35,9.3,11.2,180,0.2776,-0.5238,0.0209,2324
01/15/2021,GILD210115C00075000,4.28,0.055,3.7,4.4,67,0.264,0.3931,0.0215,4170,75.000,GILD210115P00075000,11.28,0,9.7,12.6,0,0.2778,-0.5724,0.0205,1513
01/15/2021,GILD210115C00077500,3.61,0.035,3.15,3.7,359,0.2626,0.344,0.0207,1586,77.500,GILD210115P00077500,13.45,0.5,12.75,13.5,1,0.2792,-0.6168,0.0197,102
01/15/2021,GILD210115C00080000,3.03,0.08,2.75,3.1,187,0.2616,0.2989,0.0196,5703,80.000,GILD210115P00080000,15.75,0.775,14.65,15.35,10,0.2795,-0.6588,0.0188,1058
01/15/2021,GILD210115C00082500,2.33,-0.09,2.02,2.71,2,0.2591,0.2559,0.0184,1401,82.500,GILD210115P00082500,16.75,0,16.55,17.4,0,0.2789,-0.6985,0.0178,240
01/15/2021,GILD210115C00085000,1.99,-0.07,1.72,2.1,522,0.2618,0.2224,0.0169,3014,85.000,GILD210115P00085000,20,1.625,18.6,19.35,2,0.2833,-0.7293,0.0165,228
01/15/2021,GILD210115C00087500,1.86,0.13,1.38,1.85,276,0.2732,0.2029,0.0154,1512,87.500,GILD210115P00087500,21.05,0,20.75,21.75,0,0.295,-0.7488,0.0151,444
01/15/2021,GILD210115C00090000,1.41,0.005,1.01,1.55,122,0.2782,0.1799,0.014,3886,90.000,GILD210115P00090000,24.2,0,22.85,23.95,0,0.2837,-0.789,0.014,150
01/15/2021,GILD210115C00095000,1,0,0.7,1.08,0,0.2682,0.1218,0.0112,3446,95.000,GILD210115P00095000,32.2,0,26.05,28.35,0,0.3043,-0.8157,0.0119,75
01/15/2021,GILD210115C00100000,0.66,-0.155,0.66,0.8,170,0.2746,0.0925,0.009,4508,100.000,GILD210115P00100000,35,0,31.15,33.25,0,0.333,-0.8272,0.0103,46
01/15/2021,GILD210115C00105000,0.52,-0.11,0,0.65,4,0.2788,0.0692,0.0071,280,105.000,GILD210115P00105000,0,0,35.65,38,0,0.339,-0.8539,0.0088,8
01/15/2021,GILD210115C00110000,0.31,-0.15,0.31,0.56,7,0.291,0.0578,0.0059,1332,110.000,GILD210115P00110000,47.5,0,39.9,44.5,0,0.3497,-0.8714,0.0077,39
01/15/2021,GILD210115C00115000,0.35,-0.075,0.25,0.44,753,0.2986,0.0463,0.0049,6113,115.000,GILD210115P00115000,46.68,0.08,44.7,49.4,3,0.3576,-0.8872,0.0066,83
01/21/2022,GILD220121C00032500,37.21,0,34.1,39,0,0.512,0.8552,0.003,37,32.500,GILD220121P00032500,0.5,0.205,0.45,0.95,3,0.3516,-0.0415,0.0026,125
01/21/2022,GILD220121C00035000,30.85,0,31.7,36.5,0,0.4552,0.8504,0.0035,90,35.000,GILD220121P00035000,0.8,0.325,0.48,0.85,5,0.3135,-0.0432,0.003,109
01/21/2022,GILD220121C00037500,27.05,0,29.1,34,0,0.4057,0.8452,0.0041,5,37.500,GILD220121P00037500,1.29,0,0.78,1.32,0,0.3235,-0.0635,0.0039,325
01/21/2022,GILD220121C00040000,30.4,0,26.75,31.5,0,0.3666,0.8375,0.0049,46,40.000,GILD220121P00040000,1.2,0,1.2,1.8,0,0.3153,-0.0795,0.0048,148
01/21/2022,GILD220121C00042500,0,0,24.35,29,0,0.332,0.8284,0.0057,0,42.500,GILD220121P00042500,1.59,-0.115,0.78,1.9,1,0.3067,-0.0976,0.0057,11
01/21/2022,GILD220121C00045000,23.3,0,22,26.6,0,0.3087,0.8138,0.0067,30,45.000,GILD220121P00045000,2.3,0,1.67,2.1,0,0.2982,-0.1182,0.0068,48
01/21/2022,GILD220121C00047500,21.84,-0.385,21,23.5,1,0.2779,0.8014,0.008,6,47.500,GILD220121P00047500,2.25,0,2.25,3.5,0,0.2966,-0.1447,0.0078,32
01/21/2022,GILD220121C00050000,19.62,-0.555,19.5,21.5,1,0.2831,0.7688,0.009,222,50.000,GILD220121P00050000,3.06,-0.05,2.94,3.3,5,0.2878,-0.1703,0.0089,2933
01/21/2022,GILD220121C00052500,18.6,0,17.55,18.9,0,0.2919,0.7335,0.0098,349,52.500,GILD220121P00052500,3.8,-0.025,2.63,4.4,5,0.2845,-0.2006,0.01,816
01/21/2022,GILD220121C00055000,16.3,-0.2,15.75,17.95,8,0.2741,0.7061,0.0112,614,55.000,GILD220121P00055000,4.7,0.025,3.9,4.75,1,0.2777,-0.232,0.0111,588
01/21/2022,GILD220121C00057500,11.4,0,14.05,16.3,0,0.2735,0.6706,0.0121,49,57.500,GILD220121P00057500,5.4,0,5.05,6.15,0,0.2723,-0.2662,0.0121,110
01/21/2022,GILD220121C00060000,13.4,0.225,13,14.85,137,0.2714,0.6342,0.0129,404,60.000,GILD220121P00060000,6.3,-0.25,6.2,7,27,0.2734,-0.3031,0.0128,4559
01/21/2022,GILD220121C00062500,12.25,0.475,11.15,13.45,2,0.2659,0.5969,0.0137,3019,62.500,GILD220121P00062500,7.5,-0.275,7.35,9.1,16,0.2707,-0.3399,0.0135,4139
01/21/2022,GILD220121C00065000,10.12,-0.33,9.9,11.4,51,0.2644,0.5589,0.0142,392,65.000,GILD220121P00065000,8.8,0,8.6,9.25,0,0.2737,-0.3765,0.0138,2021
01/21/2022,GILD220121C00067500,9.6,0.35,8.75,10.5,26,0.2627,0.5208,0.0146,395,67.500,GILD220121P00067500,9.93,-0.27,9.7,11.85,4,0.2635,-0.4158,0.0146,117
01/21/2022,GILD220121C00070000,8.5,0.05,7.65,9.1,39,0.26,0.4828,0.0149,932,70.000,GILD220121P00070000,11.23,-0.02,11.15,13.4,15,0.2619,-0.4534,0.0148,240
01/21/2022,GILD220121C00072500,6.79,-0.66,6.95,8.1,40,0.2584,0.4454,0.015,287,72.500,GILD220121P00072500,13.2,0,12.65,15.1,0,0.2634,-0.4884,0.0147,4
01/21/2022,GILD220121C00075000,6.5,0,6.05,7.85,20,0.2553,0.4082,0.015,532,75.000,GILD220121P00075000,14.46,-0.34,13.05,16.4,1,0.2605,-0.5249,0.0147,105
01/21/2022,GILD220121C00077500,5.65,5.65,5.2,7.15,12,0.2525,0.3722,0.0149,12,77.500,GILD220121P00077500,0,0,15.8,16.85,0,0.2575,-0.5603,0.0146,0
01/21/2022,GILD220121C00080000,4.73,-0.245,4,6,14,0.2451,0.3327,0.0148,1241,80.000,GILD220121P00080000,19,0,17.6,18.5,0,0.2491,-0.6002,0.0146,461
01/21/2022,GILD220121C00085000,3.26,-0.84,3,4.3,80,0.2501,0.2791,0.0135,635,85.000,GILD220121P00085000,22.55,0,21.45,22.2,0,0.249,-0.6593,0.0135,276
01/21/2022,GILD220121C00090000,2.7,-0.1,2.4,3.05,25,0.2436,0.2204,0.0123,384,90.000,GILD220121P00090000,24.95,-0.875,25.35,26.45,1,0.2638,-0.6923,0.012,201
01/21/2022,GILD220121C00095000,1.7,0,1.6,3,0,0.2558,0.1924,0.0108,102,95.000,GILD220121P00095000,32.4,0,29.1,31.8,0,0.2375,-0.7677,0.0108,25
01/21/2022,GILD220121C00100000,1.65,-0.05,1.6,1.65,329,0.2489,0.1481,0.0094,4782,100.000,GILD220121P00100000,34.8,0,33.5,36.2,0,0.2443,-0.7946,0.0094,118
