INTC (Intel Corporation),66.4,0.17
Feb 11 2020 @ 08:32 ET,Bid,66.55,Ask,66.64,Size,11x2,Vol,22299288
Expiration Date,Calls,Last Sale,Net,Bid,Ask,Vol,IV,Delta,Gamma,Open Int,Strike,Puts,Last Sale,Net,Bid,Ask,Vol,IV,Delta,Gamma,Open Int
02/14/2020,INTC200214C00050000,14.67,0,16.25,16.6,0,0.02,0.9922,0.0027,0,50.000,INTC200214P00050000,0.13,0,0,0.02,0,1.0635,-0.0047,0.0019,1
02/14/2020,INTC200214C00052500,14.65,0,13.75,14.05,0,0.02,1,0.0033,12,52.500,INTC200214P00052500,0.01,0,0,0.03,0,0.9228,-0.0068,0.0029,802
02/14/2020,INTC200214C00053000,12.74,0,13.25,13.6,0,0.02,0.991,0.0038,0,53.000,INTC200214P00053000,0.04,0,0,0.03,0,0.8898,-0.007,0.0031,20
02/14/2020,INTC200214C00053500,12.2,0,12.75,13.05,0,0.02,1,0.0023,0,53.500,INTC200214P00053500,0.01,0,0,0.03,0,0.8564,-0.0073,0.0034,22
02/14/2020,INTC200214C00054000,15,0,12.25,12.6,0,0.02,0.9907,0.0042,0,54.000,INTC200214P00054000,0.02,0,0,0.03,0,0.8232,-0.0075,0.0036,18
02/14/2020,INTC200214C00054500,12.1,0,11.75,12.1,0,0.02,0.9867,0.0056,0,54.500,INTC200214P00054500,0.03,0,0,0.03,0,0.7896,-0.0077,0.0039,15
02/14/2020,INTC200214C00055000,12.07,0,11.25,11.6,0,0.02,0.9863,0.0061,3,55.000,INTC200214P00055000,0.02,0.015,0,0.03,30,0.7574,-0.0081,0.0042,159
02/14/2020,INTC200214C00055500,11.75,0,10.75,11.05,0,0.02,1,0,0,55.500,INTC200214P00055500,0.04,0,0,0.03,0,0.7202,-0.0081,0.0044,308
02/14/2020,INTC200214C00056000,10.8,0,10.25,10.6,0,0.02,0.9884,0.006,0,56.000,INTC200214P00056000,0.03,0.025,0,0.01,30,0.7026,-0.0096,0.0052,183
02/14/2020,INTC200214C00056500,10.27,0,9.75,10,0,0.02,1,0.0027,0,56.500,INTC200214P00056500,0.01,0.005,0,0.01,1,0.5522,-0.0025,0.002,112
02/14/2020,INTC200214C00057000,9.55,0,9.25,9.5,0,0.02,1,0,41,57.000,INTC200214P00057000,0.02,0,0,0.01,0,0.5216,-0.0025,0.0021,546
02/14/2020,INTC200214C00057500,9.55,0,8.75,9,0,0.02,1,0,0,57.500,INTC200214P00057500,0.04,0,0,0.02,0,0.5593,-0.0066,0.0047,514
02/14/2020,INTC200214C00058000,9.4,0,8.2,8.5,0,0.02,1,0,2,58.000,INTC200214P00058000,0.03,0.01,0,0.02,1,0.5286,-0.0069,0.0052,331
02/14/2020,INTC200214C00058500,6.12,0,7.75,8.05,0,0.02,1,0,0,58.500,INTC200214P00058500,0.01,-0.015,0,0.02,5,0.4978,-0.0072,0.0058,143
02/14/2020,INTC200214C00059000,8.35,0,7.25,7.5,0,0.02,1,0,0,59.000,INTC200214P00059000,0.02,-0.005,0,0.02,1,0.4715,-0.008,0.0067,392
02/14/2020,INTC200214C00059500,7.75,0,6.75,7,0,0.02,1,0.0184,11,59.500,INTC200214P00059500,0.05,0,0,0.02,0,0.4369,-0.0079,0.0071,183
02/14/2020,INTC200214C00060000,6.78,0,6.35,6.5,0,0.02,0.9847,0.0123,11,60.000,INTC200214P00060000,0.02,-0.005,0,0.03,95,0.4735,-0.0195,0.0144,780
02/14/2020,INTC200214C00060500,5.84,0,5.75,6.05,0,0.02,1,0.012,0,60.500,INTC200214P00060500,0.03,-0.005,0,0.03,101,0.4277,-0.0182,0.015,375
02/14/2020,INTC200214C00061000,4.75,-0.6,5.3,5.5,4,0.02,1,0.0191,4,61.000,INTC200214P00061000,0.03,-0.015,0.01,0.03,147,0.4047,-0.0219,0.0185,213
02/14/2020,INTC200214C00061500,5.1,0,4.8,5,0,0.02,1,0.0093,4,61.500,INTC200214P00061500,0.04,-0.015,0.03,0.04,13,0.3934,-0.0306,0.0252,105
02/14/2020,INTC200214C00062000,4.25,-0.125,4.25,4.5,4,0.02,1,0.0411,8,62.000,INTC200214P00062000,0.04,-0.025,0.03,0.04,404,0.3609,-0.0337,0.0297,684
02/14/2020,INTC200214C00062500,3.98,0,3.85,4.05,0,0.02,0.9543,0.0398,4,62.500,INTC200214P00062500,0.05,-0.035,0.04,0.05,194,0.3443,-0.045,0.0394,310
02/14/2020,INTC200214C00063000,2.83,-0.57,3.4,3.55,55,0.02,0.9373,0.0534,61,63.000,INTC200214P00063000,0.09,-0.025,0.06,0.07,334,0.3376,-0.0666,0.0548,800
02/14/2020,INTC200214C00063500,2.81,-0.135,2.96,3.05,2,0.02,0.9079,0.0729,142,63.500,INTC200214P00063500,0.1,-0.055,0.08,0.1,120,0.3295,-0.0951,0.0736,523
02/14/2020,INTC200214C00064000,2.18,-0.325,2.52,2.55,69,0.02,0.879,0.0947,97,64.000,INTC200214P00064000,0.16,-0.055,0.13,0.14,1126,0.3189,-0.1317,0.096,1566
02/14/2020,INTC200214C00064500,1.87,-0.21,2.08,2.14,117,0.1816,0.9377,0.0968,409,64.500,INTC200214P00064500,0.22,-0.065,0.19,0.2,425,0.3116,-0.1825,0.1217,973
02/14/2020,INTC200214C00065000,1.65,-0.035,1.68,1.73,236,0.2163,0.8298,0.1678,696,65.000,INTC200214P00065000,0.29,-0.1,0.27,0.29,1334,0.3059,-0.2476,0.1481,1669
02/14/2020,INTC200214C00065500,1.15,-0.175,1.3,1.34,244,0.2282,0.7207,0.2111,310,65.500,INTC200214P00065500,0.49,-0.04,0.4,0.42,174,0.3024,-0.3269,0.171,782
02/14/2020,INTC200214C00066000,0.99,-0.02,0.97,0.99,1595,0.233,0.6037,0.237,1694,66.000,INTC200214P00066000,0.59,-0.12,0.56,0.59,314,0.3,-0.4166,0.1864,1832
02/14/2020,INTC200214C00066500,0.71,-0.03,0.7,0.72,1702,0.2372,0.4825,0.2408,2486,66.500,INTC200214P00066500,0.83,-0.11,0.78,0.81,377,0.3019,-0.5114,0.1893,637
02/14/2020,INTC200214C00067000,0.49,-0.03,0.49,0.5,1562,0.2398,0.3668,0.225,1633,67.000,INTC200214P00067000,1.3,0.075,1.06,1.09,160,0.3077,-0.6022,0.1797,957
02/14/2020,INTC200214C00067500,0.3,-0.055,0.31,0.33,1034,0.2429,0.2653,0.1934,3151,67.500,INTC200214P00067500,1.6,0.035,1.38,1.42,24,0.3189,-0.681,0.1605,587
02/14/2020,INTC200214C00068000,0.21,-0.025,0.2,0.21,3139,0.2439,0.1808,0.1546,3200,68.000,INTC200214P00068000,1.88,-0.065,1.76,1.82,13,0.3363,-0.7432,0.1373,462
02/14/2020,INTC200214C00068500,0.13,-0.02,0.12,0.13,178,0.2506,0.122,0.1157,541,68.500,INTC200214P00068500,2.55,0,2.17,2.23,0,0.3553,-0.7918,0.1157,162
02/14/2020,INTC200214C00069000,0.03,-0.065,0.07,0.08,76,0.2577,0.0806,0.0831,811,69.000,INTC200214P00069000,3.15,0.34,2.64,2.7,1,0.382,-0.8249,0.0967,259
02/14/2020,INTC200214C00069500,0.04,-0.015,0.04,0.05,19,0.2566,0.0469,0.0548,92,69.500,INTC200214P00069500,3.65,0.35,3.1,3.25,25,0.4329,-0.836,0.0819,167
02/14/2020,INTC200214C00070000,0.03,-0.005,0.02,0.04,204,0.2723,0.0338,0.0395,2258,70.000,INTC200214P00070000,3.6,0,3.55,3.75,0,0.4611,-0.8562,0.0705,20
02/14/2020,INTC200214C00070500,0.02,-0.005,0.01,0.03,29,0.2902,0.0258,0.0297,51,70.500,INTC200214P00070500,3.5,0,4,4.25,0,0.4858,-0.8742,0.061,2
02/14/2020,INTC200214C00071000,0.01,-0.01,0.01,0.02,38,0.3122,0.0215,0.0236,607,71.000,INTC200214P00071000,4.25,0,4.55,4.75,0,0.5253,-0.8818,0.054,1
02/14/2020,INTC200214C00071500,0.06,0,0,0.03,0,0.3331,0.018,0.019,20,71.500,INTC200214P00071500,0,0,5,5.25,0,0.5637,-0.8884,0.0483,0
02/14/2020,INTC200214C00072000,0.04,0,0,0.03,0,0.3608,0.0173,0.017,638,72.000,INTC200214P00072000,5.3,0,5.55,5.75,0,0.619,-0.887,0.0444,90
02/14/2020,INTC200214C00072500,0.03,0,0,0.02,0,0.374,0.0133,0.0131,2,72.500,INTC200214P00072500,0,0,6.05,6.3,0,0.6172,-0.9067,0.0387,0
02/14/2020,INTC200214C00073000,0.01,0,0,0.03,0,0.4112,0.0149,0.0131,55,73.000,INTC200214P00073000,0,0,6.45,6.75,0,0.6739,-0.9034,0.0364,0
02/14/2020,INTC200214C00073500,0,0,0,0.03,0,0.4442,0.0157,0.0127,0,73.500,INTC200214P00073500,0,0,7.05,7.25,0,0.6873,-0.9145,0.0326,0
02/14/2020,INTC200214C00074000,0.01,0,0,0.02,0,0.4457,0.0111,0.0094,26,74.000,INTC200214P00074000,0,0,7.5,7.8,0,0.7434,-0.911,0.0311,0
02/14/2020,INTC200214C00074500,0,0,0,0.03,0,0.4817,0.0123,0.0095,0,74.500,INTC200214P00074500,0,0,7.95,8.3,0,0.8004,-0.9074,0.0297,0
02/14/2020,INTC200214C00075000,0.01,0,0,0.03,0,0.4725,0.0076,0.0064,67,75.000,INTC200214P00075000,9.8,0,8.45,8.8,0,0.8345,-0.9105,0.0278,0
02/14/2020,INTC200214C00076000,0.07,0,0,0.01,0,0.4844,0.0043,0.0037,3,76.000,INTC200214P00076000,0,0,9.5,9.8,0,0.8764,-0.922,0.0238,0
02/14/2020,INTC200214C00077000,0.06,0,0,0.02,0,0.5773,0.0079,0.0054,4,77.000,INTC200214P00077000,10.6,0,10.45,10.8,0,0.9366,-0.9272,0.0212,0
02/14/2020,INTC200214C00078000,0,0,0,0.01,0,0.5654,0.0037,0.0028,0,78.000,INTC200214P00078000,0,0,11.45,11.8,0,0.9753,-0.9356,0.0185,0
02/14/2020,INTC200214C00079000,0,0,0,0.03,0,0.6989,0.0099,0.0054,0,79.000,INTC200214P00079000,0,0,12.45,12.8,0,1.0348,-0.9385,0.0168,0
02/14/2020,INTC200214C00080000,0,0,0,0.03,0,0.7472,0.0098,0.005,0,80.000,INTC200214P00080000,0,0,13.45,13.8,0,1.1241,-0.9354,0.0161,0
02/14/2020,INTC200214C00081000,0,0,0,0.03,0,0.776,0.0083,0.0042,0,81.000,INTC200214P00081000,0,0,14.45,14.8,0,1.2074,-0.9335,0.0153,0
02/14/2020,INTC200214C00082000,0,0,0,0.03,0,0.8158,0.0078,0.0038,0,82.000,INTC200214P00082000,0,0,15.45,15.8,0,1.2642,-0.9359,0.0142,0
02/14/2020,INTC200214C00083000,0.01,0,0,0.02,0,0.841,0.0066,0.0031,1,83.000,INTC200214P00083000,0,0,16.5,16.8,0,1.3199,-0.9381,0.0133,0
02/14/2020,INTC200214C00084000,0.03,0,0,0.03,0,0.9151,0.0083,0.0035,1,84.000,INTC200214P00084000,0,0,17.45,17.8,0,1.376,-0.9398,0.0124,0
02/14/2020,INTC200214C00085000,0,0,0,0.03,0,0.9355,0.0069,0.0029,0,85.000,INTC200214P00085000,0,0,18.45,18.8,0,1.4233,-0.9425,0.0116,0
02/21/2020,INTC200221C00040000,27.16,0,26.25,26.6,0,0.02,0.9973,0.0007,0,40.000,INTC200221P00040000,0.01,0,0,0.01,0,1.001,-0.0013,0.0004,2523
02/21/2020,INTC200221C00042500,24.64,0,23.75,24.1,0,0.02,0.9953,0.0012,0,42.500,INTC200221P00042500,0.01,0,0,0.02,0,0.9385,-0.0024,0.0007,96
02/21/2020,INTC200221C00045000,22.35,0,21.25,21.6,0,0.02,0.9948,0.0014,11,45.000,INTC200221P00045000,0.01,0,0,0.01,0,0.7682,-0.0014,0.0005,657
02/21/2020,INTC200221C00047500,19.72,0,18.75,19.1,0,0.02,0.9966,0.0012,1,47.500,INTC200221P00047500,0.01,0,0,0.03,0,0.7639,-0.0048,0.0016,1280
02/21/2020,INTC200221C00050000,16.95,0,16.25,16.6,0,0.02,0.9965,0.0015,6,50.000,INTC200221P00050000,0.01,-0.005,0,0.01,3,0.5791,-0.002,0.001,3698
02/21/2020,INTC200221C00052000,15.07,0,14.3,14.6,0,0.02,0.9883,0.0042,0,52.000,INTC200221P00052000,0.01,-0.01,0,0.01,24,0.5112,-0.0026,0.0013,920
02/21/2020,INTC200221C00052500,14.18,0,13.75,14.1,0,0.02,0.9981,0.0011,52,52.500,INTC200221P00052500,0.01,-0.005,0.01,0.02,201,0.5537,-0.0063,0.0028,12276
02/21/2020,INTC200221C00053000,14.13,0,13.25,13.6,0,0.02,0.9966,0.0018,0,53.000,INTC200221P00053000,0.03,0,0,0.02,0,0.5027,-0.0043,0.0022,3098
02/21/2020,INTC200221C00053500,11.73,0,12.75,13.1,0,0.02,0.998,0.0013,0,53.500,INTC200221P00053500,0.02,0,0,0.03,1,0.5179,-0.0072,0.0033,233
02/21/2020,INTC200221C00054000,12.4,0,12.25,12.6,0,0.02,0.998,0.0013,0,54.000,INTC200221P00054000,0.02,0,0,0.03,0,0.4944,-0.0071,0.0035,3288
02/21/2020,INTC200221C00054500,13.9,0,11.75,12.1,0,0.02,0.997,0.0019,0,54.500,INTC200221P00054500,0.03,0,0,0.03,0,0.4991,-0.0101,0.0047,1643
02/21/2020,INTC200221C00055000,10.75,-0.55,11.35,11.5,50,0.02,0.9979,0.0015,113,55.000,INTC200221P00055000,0.02,-0.005,0.01,0.03,54,0.4924,-0.0124,0.0056,29884
02/21/2020,INTC200221C00055500,12.6,0,10.75,11.1,0,0.02,0.998,0.0015,0,55.500,INTC200221P00055500,0.03,0.005,0,0.03,60,0.4586,-0.0109,0.0054,1421
02/21/2020,INTC200221C00056000,11.35,0,10.3,10.6,0,0.02,0.9856,0.0069,0,56.000,INTC200221P00056000,0.01,-0.015,0,0.03,1,0.4377,-0.0112,0.0058,626
02/21/2020,INTC200221C00056500,12.55,0,9.8,10,0,0.02,1,0.0099,0,56.500,INTC200221P00056500,0.05,0,0.01,0.04,0,0.4178,-0.0119,0.0064,1122
02/21/2020,INTC200221C00057000,10.25,0,9.3,9.6,0,0.02,0.9841,0.0083,0,57.000,INTC200221P00057000,0.02,-0.015,0.02,0.04,11,0.4084,-0.0142,0.0077,5677
02/21/2020,INTC200221C00057500,8.5,-0.325,8.85,9,18,0.02,0.9957,0.0034,80,57.500,INTC200221P00057500,0.03,-0.005,0.02,0.03,64,0.3864,-0.0145,0.0083,13264
02/21/2020,INTC200221C00058000,9.2,0,8.3,8.55,0,0.02,0.9997,0.0004,0,58.000,INTC200221P00058000,0.04,0,0.02,0.04,0,0.3674,-0.0156,0.0092,10973
02/21/2020,INTC200221C00058500,8.95,0,7.8,8.15,0,0.02,0.9708,0.0146,0,58.500,INTC200221P00058500,0.07,0,0.03,0.04,0,0.3642,-0.0209,0.0119,629
02/21/2020,INTC200221C00059000,7.3,-0.075,7.3,7.55,5,0.02,1,0,5,59.000,INTC200221P00059000,0.04,-0.015,0.03,0.05,3,0.3468,-0.0229,0.0136,1340
02/21/2020,INTC200221C00059500,7.9,0,6.85,7.15,0,0.02,0.9581,0.0208,0,59.500,INTC200221P00059500,0.07,0.005,0.04,0.05,1,0.3366,-0.0284,0.0167,531
02/21/2020,INTC200221C00060000,6.3,-0.075,6.35,6.55,46,0.02,0.9798,0.0147,609,60.000,INTC200221P00060000,0.07,-0.005,0.05,0.06,242,0.3289,-0.0356,0.0206,7233
02/21/2020,INTC200221C00060500,6.9,0,5.8,6.1,0,0.02,0.9777,0.017,7,60.500,INTC200221P00060500,0.09,-0.005,0.06,0.07,8,0.3162,-0.042,0.0246,1183
02/21/2020,INTC200221C00061000,5.89,0,5.4,5.55,0,0.02,0.9605,0.0261,11,61.000,INTC200221P00061000,0.09,-0.025,0.07,0.09,144,0.3114,-0.0545,0.0307,737
02/21/2020,INTC200221C00061500,4.39,-0.535,4.95,5.1,3,0.02,0.9345,0.037,11,61.500,INTC200221P00061500,0.16,0.025,0.09,0.11,2,0.3013,-0.0672,0.0374,4407
02/21/2020,INTC200221C00062000,5.15,0,4.3,4.6,0,0.02,0.9723,0.0264,121,62.000,INTC200221P00062000,0.14,-0.025,0.12,0.13,11,0.2915,-0.0828,0.0454,1176
02/21/2020,INTC200221C00062500,3.5,-0.5,4,4.15,18,0.02,1,0.0541,1513,62.500,INTC200221P00062500,0.15,-0.055,0.15,0.16,114,0.2832,-0.1035,0.055,3625
02/21/2020,INTC200221C00063000,3.15,-0.4,3.55,3.7,26,0.167,0.967,0.0382,215,63.000,INTC200221P00063000,0.22,-0.035,0.19,0.21,35,0.2776,-0.1307,0.0663,1423
02/21/2020,INTC200221C00063500,2.62,-0.53,3.1,3.25,503,0.1979,0.9077,0.0724,2672,63.500,INTC200221P00063500,0.28,-0.045,0.25,0.26,61,0.2703,-0.1629,0.0789,1815
02/21/2020,INTC200221C00064000,2.41,-0.31,2.73,2.79,30,0.2019,0.8595,0.0958,4228,64.000,INTC200221P00064000,0.34,-0.065,0.33,0.34,209,0.2646,-0.2027,0.0924,2757
02/21/2020,INTC200221C00064500,2.32,0,2.34,2.38,45,0.208,0.7973,0.1175,1393,64.500,INTC200221P00064500,0.47,-0.04,0.41,0.43,20,0.2589,-0.2494,0.1062,1506
02/21/2020,INTC200221C00065000,1.8,-0.155,1.96,2.01,152,0.2103,0.7297,0.1363,7190,65.000,INTC200221P00065000,0.58,-0.065,0.54,0.55,1253,0.2549,-0.3043,0.1189,4415
02/21/2020,INTC200221C00065500,1.39,-0.225,1.61,1.65,567,0.2105,0.6562,0.1515,2340,65.500,INTC200221P00065500,0.94,0.135,0.69,0.7,511,0.2536,-0.3667,0.1286,1624
02/21/2020,INTC200221C00066000,1.3,-0.01,1.3,1.33,517,0.2107,0.577,0.161,2894,66.000,INTC200221P00066000,0.92,-0.08,0.87,0.89,304,0.2506,-0.4327,0.1359,3886
02/21/2020,INTC200221C00067500,0.6,-0.025,0.6,0.62,543,0.211,0.3377,0.1501,7880,67.500,INTC200221P00067500,1.82,0.005,1.66,1.68,62,0.2531,-0.634,0.1288,4325
02/21/2020,INTC200221C00069000,0.23,-0.015,0.22,0.23,461,0.2154,0.1595,0.0977,12611,69.000,INTC200221P00069000,2.96,0.02,2.78,2.83,3,0.2726,-0.7819,0.0937,4020
02/21/2020,INTC200221C00070000,0.11,-0.02,0.11,0.12,277,0.2159,0.0842,0.062,9784,70.000,INTC200221P00070000,4.11,0.26,3.65,3.8,23,0.3023,-0.8342,0.0714,912
02/21/2020,INTC200221C00071000,0.05,-0.02,0.05,0.06,20,0.2215,0.0437,0.0362,3187,71.000,INTC200221P00071000,5.25,0.45,4.6,4.75,2,0.3347,-0.8676,0.0554,150
02/21/2020,INTC200221C00072000,0.03,-0.015,0.02,0.04,25,0.2339,0.0249,0.0216,3073,72.000,INTC200221P00072000,5.75,0,5.55,5.8,0,0.3719,-0.8876,0.0445,225
02/21/2020,INTC200221C00073000,0.01,-0.025,0.01,0.02,3,0.25,0.0157,0.0137,689,73.000,INTC200221P00073000,6.8,0,6.55,6.8,0,0.4174,-0.8969,0.0372,231
02/21/2020,INTC200221C00074000,0.01,-0.01,0.01,0.02,156,0.2827,0.0146,0.0114,1774,74.000,INTC200221P00074000,9.95,0,7.55,7.8,0,0.4753,-0.897,0.0327,0
02/21/2020,INTC200221C00075000,0.01,-0.01,0,0.03,13,0.3063,0.0121,0.0089,3542,75.000,INTC200221P00075000,8.7,0,8.55,8.75,0,0.5156,-0.9048,0.0284,0
02/21/2020,INTC200221C00076000,0.01,0,0,0.03,0,0.3392,0.0121,0.008,134,76.000,INTC200221P00076000,10.2,0,9.55,9.8,0,0.5588,-0.9093,0.0253,0
02/21/2020,INTC200221C00077000,0.02,0,0,0.03,0,0.368,0.0113,0.007,24,77.000,INTC200221P00077000,0,0,10.5,10.8,0,0.582,-0.9206,0.022,0
02/21/2020,INTC200221C00078000,0.05,0,0,0.03,0,0.3975,0.0109,0.0062,40,78.000,INTC200221P00078000,0,0,11.5,11.8,0,0.6201,-0.9245,0.0199,0
02/21/2020,INTC200221C00079000,0.03,0,0,0.03,0,0.4166,0.0091,0.0051,69,79.000,INTC200221P00079000,0,0,12.5,12.8,0,0.6573,-0.9278,0.0181,0
02/21/2020,INTC200221C00080000,0.01,0,0,0.03,0,0.4457,0.0091,0.0048,3,80.000,INTC200221P00080000,13.1,0,13.45,13.8,0,0.6935,-0.9308,0.0166,0
02/21/2020,INTC200221C00081000,0.01,0,0,0.03,0,0.466,0.008,0.0041,3,81.000,INTC200221P00081000,0,0,14.5,14.8,0,0.7279,-0.9337,0.0153,0
02/21/2020,INTC200221C00082000,0.07,0,0,0.03,0,0.5021,0.0089,0.0042,1,82.000,INTC200221P00082000,0,0,15.5,15.8,0,0.78,-0.9313,0.0147,0
02/21/2020,INTC200221C00083000,0.03,0,0,0.01,0,0.4543,0.0027,0.0016,500,83.000,INTC200221P00083000,0,0,16.45,16.8,0,0.7949,-0.9386,0.0132,0
02/21/2020,INTC200221C00084000,0,0,0,0.03,0,0.5453,0.0076,0.0033,0,84.000,INTC200221P00084000,0,0,17.5,17.8,0,0.8303,-0.9399,0.0124,0
02/21/2020,INTC200221C00085000,0.02,0,0,0.03,0,0.5651,0.0069,0.003,115,85.000,INTC200221P00085000,0,0,18.45,18.8,0,0.8627,-0.9417,0.0117,0
02/28/2020,INTC200228C00045000,0,0,21.25,21.6,0,0.02,0.9985,0.0005,0,45.000,INTC200228P00045000,0.06,0,0,0.01,0,0.5956,-0.0013,0.0005,1
02/28/2020,INTC200228C00050000,0,0,16.2,16.55,0,0.02,1,0.0026,0,50.000,INTC200228P00050000,0.08,0,0,0.06,0,0.5644,-0.0099,0.0032,4
02/28/2020,INTC200228C00052000,16.41,0,14.2,14.55,0,0.02,1,0.0023,0,52.000,INTC200228P00052000,0.03,0,0,0.06,0,0.5042,-0.0124,0.0043,51
02/28/2020,INTC200228C00052500,14.85,0,13.7,14.1,0,0.02,1,0.0029,0,52.500,INTC200228P00052500,0.09,0,0,0.06,0,0.5004,-0.0149,0.0051,56
02/28/2020,INTC200228C00053000,0,0,13.2,13.6,0,0.02,1,0,0,53.000,INTC200228P00053000,0.02,0,0.01,0.07,0,0.4726,-0.0137,0.005,61
02/28/2020,INTC200228C00053500,0,0,12.7,13.1,0,0.02,1,0,0,53.500,INTC200228P00053500,0.17,0,0.01,0.07,0,0.4624,-0.0154,0.0057,59
02/28/2020,INTC200228C00054000,10.7,0,12.2,12.6,0,0.02,1,0.0047,0,54.000,INTC200228P00054000,0.05,0,0.01,0.07,0,0.4457,-0.0161,0.0061,1036
02/28/2020,INTC200228C00054500,11.3,-0.525,11.7,12.05,8,0.02,1,0,8,54.500,INTC200228P00054500,0.11,0,0.01,0.08,0,0.4373,-0.0185,0.007,298
02/28/2020,INTC200228C00055000,11.61,0,11.2,11.65,0,0.02,1,0.0046,12,55.000,INTC200228P00055000,0.05,0,0.02,0.08,0,0.4252,-0.0204,0.0078,594
02/28/2020,INTC200228C00055500,0,0,10.7,11.15,0,0.02,1,0.0049,0,55.500,INTC200228P00055500,0.12,0,0.02,0.09,0,0.4213,-0.0245,0.0092,210
02/28/2020,INTC200228C00056000,7.82,0,10.2,10.6,0,0.02,1,0.0068,0,56.000,INTC200228P00056000,0.03,0,0.02,0.09,0,0.4036,-0.0255,0.01,301
02/28/2020,INTC200228C00056500,10.85,0,9.7,10.15,0,0.02,1,0,0,56.500,INTC200228P00056500,0.04,-0.015,0.03,0.1,10,0.391,-0.0281,0.0112,339
02/28/2020,INTC200228C00057000,6.6,0,9.25,9.65,0,0.02,0.9915,0.0053,0,57.000,INTC200228P00057000,0.06,0,0.05,0.11,0,0.3871,-0.0339,0.0132,163
02/28/2020,INTC200228C00057500,9.94,0,8.7,9.15,0,0.02,1,0.0115,3,57.500,INTC200228P00057500,0.06,0,0.04,0.11,0,0.3691,-0.0357,0.0144,93
02/28/2020,INTC200228C00058000,9.44,0,8.2,8.7,0,0.02,1,0.0063,16,58.000,INTC200228P00058000,0.07,0,0.05,0.11,0,0.3551,-0.039,0.0161,1173
02/28/2020,INTC200228C00058500,10.5,0,7.8,8.15,0,0.02,0.9783,0.0122,0,58.500,INTC200228P00058500,0.18,0,0.06,0.12,0,0.3439,-0.0442,0.0184,123
02/28/2020,INTC200228C00059000,8.4,0,7.35,7.65,0,0.02,1,0.0186,12,59.000,INTC200228P00059000,0.13,0.02,0.08,0.11,1,0.325,-0.0462,0.0202,650
02/28/2020,INTC200228C00059500,7.8,0,6.8,7.2,0,0.02,1,0.0187,9,59.500,INTC200228P00059500,0.12,-0.01,0.1,0.11,10,0.3131,-0.0525,0.0232,235
02/28/2020,INTC200228C00060000,6.23,-0.245,6.45,6.65,4,0.02,1,0.0261,27,60.000,INTC200228P00060000,0.12,-0.03,0.12,0.13,52,0.3057,-0.0623,0.0272,500
02/28/2020,INTC200228C00060500,4.25,0,5.85,6.25,0,0.02,1,0.0292,11,60.500,INTC200228P00060500,0.35,0,0.14,0.15,0,0.2959,-0.0727,0.0317,284
02/28/2020,INTC200228C00061000,5.5,0,5.3,5.7,0,0.02,1,0.0265,36,61.000,INTC200228P00061000,0.21,0,0.16,0.18,160,0.2894,-0.0866,0.037,291
02/28/2020,INTC200228C00061500,4.89,0,4.9,5.3,0,0.05,1,0,8,61.500,INTC200228P00061500,0.24,-0.01,0.2,0.21,25,0.2823,-0.103,0.0431,165
02/28/2020,INTC200228C00062000,5.35,0,4.4,4.85,0,0.1894,0.9521,0.0356,126,62.000,INTC200228P00062000,0.32,0.02,0.24,0.26,2,0.2761,-0.1231,0.05,141
02/28/2020,INTC200228C00062500,4.19,0,4.1,4.3,0,0.2099,0.9092,0.0528,226,62.500,INTC200228P00062500,0.34,0,0.3,0.31,0,0.2701,-0.1469,0.0577,148
02/28/2020,INTC200228C00063000,3.3,-0.45,3.65,3.85,2,0.2151,0.8724,0.0658,336,63.000,INTC200228P00063000,0.51,0.08,0.36,0.38,6,0.2664,-0.1764,0.0659,70
02/28/2020,INTC200228C00063500,2.82,-0.53,3.35,3.45,1,0.214,0.8358,0.0784,242,63.500,INTC200228P00063500,0.6,0.08,0.44,0.46,1,0.2605,-0.2083,0.0746,265
02/28/2020,INTC200228C00064000,2.93,-0.015,2.98,3.05,14,0.2159,0.7898,0.0905,343,64.000,INTC200228P00064000,0.56,-0.06,0.54,0.55,10,0.2566,-0.2462,0.0833,146
02/28/2020,INTC200228C00064500,2.13,-0.44,2.6,2.64,10,0.2167,0.7394,0.1016,83,64.500,INTC200228P00064500,0.83,0.085,0.65,0.68,2,0.2529,-0.2887,0.0915,180
02/28/2020,INTC200228C00065000,2.25,0.03,2.24,2.28,227,0.2161,0.6852,0.1114,669,65.000,INTC200228P00065000,0.81,-0.08,0.8,0.81,50,0.2498,-0.3357,0.0989,1311
02/28/2020,INTC200228C00066000,1.5,-0.1,1.6,1.64,176,0.2138,0.5658,0.1247,501,66.000,INTC200228P00066000,1.3,0.03,1.15,1.17,20,0.2448,-0.4399,0.1092,389
02/28/2020,INTC200228C00067000,1.09,-0.01,1.08,1.12,131,0.2118,0.4393,0.1261,875,67.000,INTC200228P00067000,1.72,-0.04,1.63,1.66,5,0.2428,-0.5504,0.1105,160
02/28/2020,INTC200228C00067500,0.84,-0.05,0.87,0.9,369,0.2118,0.3781,0.1216,602,67.500,INTC200228P00067500,2.45,0.39,1.91,1.94,1,0.2429,-0.6043,0.1075,147
02/28/2020,INTC200228C00068000,0.69,-0.02,0.68,0.72,471,0.2091,0.3178,0.1155,942,68.000,INTC200228P00068000,1.98,0,2.23,2.29,0,0.2436,-0.6553,0.1025,81
02/28/2020,INTC200228C00068500,0.47,-0.09,0.53,0.55,24,0.2086,0.2632,0.1061,215,68.500,INTC200228P00068500,3.08,0.345,2.57,2.64,1,0.247,-0.7004,0.0953,42
02/28/2020,INTC200228C00069000,0.39,-0.045,0.41,0.44,31,0.2088,0.2154,0.0949,487,69.000,INTC200228P00069000,3.48,0.38,2.91,2.98,1,0.2524,-0.7402,0.087,28
02/28/2020,INTC200228C00070000,0.17,-0.09,0.23,0.25,134,0.2111,0.1386,0.0709,1759,70.000,INTC200228P00070000,5.69,0,3.7,4.05,0,0.2597,-0.8089,0.0711,34
02/28/2020,INTC200228C00071000,0.1,-0.05,0.13,0.14,43,0.2132,0.0848,0.0494,767,71.000,INTC200228P00071000,5,0,4.65,4.9,0,0.2806,-0.8489,0.0566,100
02/28/2020,INTC200228C00072000,0.06,-0.025,0.07,0.08,5,0.2161,0.0498,0.0322,645,72.000,INTC200228P00072000,0,0,5.55,5.85,0,0.304,-0.8758,0.0457,0
02/28/2020,INTC200228C00073000,0.06,0.005,0.02,0.05,5,0.2178,0.0273,0.0196,35,73.000,INTC200228P00073000,7,0,6.55,6.8,0,0.3406,-0.8858,0.0384,1
02/28/2020,INTC200228C00074000,0.03,-0.015,0.01,0.06,6,0.2474,0.0266,0.0169,46,74.000,INTC200228P00074000,0,0,7.55,7.8,0,0.3668,-0.8997,0.0325,0
02/28/2020,INTC200228C00075000,0.08,0,0,0.06,0,0.2656,0.0215,0.0132,52,75.000,INTC200228P00075000,8.72,0,8.45,8.8,0,0.4016,-0.9053,0.0285,0
02/28/2020,INTC200228C00076000,0.04,0,0,0.06,0,0.2815,0.0171,0.0102,31,76.000,INTC200228P00076000,0,0,9.55,9.8,0,0.4335,-0.9108,0.0252,0
02/28/2020,INTC200228C00077000,0.06,0,0,0.05,0,0.3069,0.0166,0.0091,6,77.000,INTC200228P00077000,0,0,10.45,10.8,0,0.465,-0.9154,0.0226,0
02/28/2020,INTC200228C00078000,0,0,0,0.05,0,0.3175,0.0126,0.007,0,78.000,INTC200228P00078000,0,0,11.45,11.8,0,0.4953,-0.9194,0.0205,0
02/28/2020,INTC200228C00079000,0.02,0,0,0.04,0,0.3422,0.0126,0.0064,22,79.000,INTC200228P00079000,0,0,12.45,12.8,0,0.525,-0.9229,0.0187,0
02/28/2020,INTC200228C00080000,0.15,0,0,0.04,0,0.3619,0.0116,0.0057,3,80.000,INTC200228P00080000,0,0,13.45,13.8,0,0.5644,-0.9218,0.0176,0
02/28/2020,INTC200228C00081000,0,0,0,0.04,0,0.3835,0.0112,0.0052,0,81.000,INTC200228P00081000,0,0,14.45,14.8,0,0.582,-0.9287,0.0159,0
02/28/2020,INTC200228C00082000,0.05,0,0,0.01,0,0.347,0.0036,0.0021,7,82.000,INTC200228P00082000,0,0,15.45,15.8,0,0.6082,-0.9317,0.0147,0
02/28/2020,INTC200228C00083000,0.02,0,0,0.04,0,0.421,0.0098,0.0042,7,83.000,INTC200228P00083000,0,0,16.45,16.8,0,0.6362,-0.9335,0.0137,0
02/28/2020,INTC200228C00084000,0,0,0,0.03,0,0.4291,0.0079,0.0034,0,84.000,INTC200228P00084000,0,0,17.45,17.8,0,0.6627,-0.9355,0.0129,0
02/28/2020,INTC200228C00085000,0.03,0,0,0.03,0,0.4423,0.007,0.003,4,85.000,INTC200228P00085000,0,0,18.45,18.8,0,0.6886,-0.9373,0.0121,0
03/06/2020,INTC200306C00050000,0,0,14.45,18.25,0,0.7321,0.9429,0.009,0,50.000,INTC200306P00050000,0.12,0,0,0.07,0,0.4921,-0.0115,0.0035,2
03/06/2020,INTC200306C00055000,0,0,9.75,13.3,0,0.5686,0.9107,0.0163,0,55.000,INTC200306P00055000,0.1,0.01,0.05,0.1,1,0.3881,-0.0279,0.0095,17
03/06/2020,INTC200306C00056000,0,0,8.65,12.45,0,0.4593,0.931,0.0166,0,56.000,INTC200306P00056000,0.3,0,0.06,0.12,0,0.3722,-0.0355,0.0121,40
03/06/2020,INTC200306C00056500,0,0,7.95,10.95,0,0.4488,0.9251,0.0181,0,56.500,INTC200306P00056500,0,0,0.08,0.12,0,0.3631,-0.0397,0.0136,0
03/06/2020,INTC200306C00057000,0,0,7.7,11.45,0,0.4488,0.914,0.0201,0,57.000,INTC200306P00057000,0.2,0,0.09,0.12,0,0.3501,-0.0427,0.0149,2
03/06/2020,INTC200306C00057500,8.65,-0.325,6.95,9.75,26,0.02,1,0.0028,26,57.500,INTC200306P00057500,0.15,0.01,0.1,0.13,54,0.3401,-0.0473,0.0167,78
03/06/2020,INTC200306C00058000,0,0,7.1,10.5,0,0.3394,0.9424,0.0195,0,58.000,INTC200306P00058000,0.16,0,0.12,0.14,296,0.3318,-0.0535,0.0189,297
03/06/2020,INTC200306C00058500,6.35,0,6.5,10,0,0.3817,0.9077,0.0249,0,58.500,INTC200306P00058500,0.17,0,0.14,0.17,0,0.3269,-0.0627,0.0217,27
03/06/2020,INTC200306C00059000,0,0,7.3,8.45,0,0.3124,0.9329,0.0239,0,59.000,INTC200306P00059000,0.58,0,0.16,0.2,0,0.3186,-0.0709,0.0245,8
03/06/2020,INTC200306C00059500,0,0,5.2,9.05,0,0.3444,0.8982,0.0297,0,59.500,INTC200306P00059500,0.26,0.02,0.19,0.23,1,0.313,-0.082,0.0278,476
03/06/2020,INTC200306C00060000,6.97,0,6.3,7.8,0,0.227,0.9601,0.0218,19,60.000,INTC200306P00060000,0.32,0.05,0.22,0.26,20,0.3074,-0.0946,0.0315,225
03/06/2020,INTC200306C00060500,5.71,-0.415,6,8.1,1,0.2955,0.8951,0.0354,1,60.500,INTC200306P00060500,0.35,0.03,0.24,0.3,5,0.301,-0.1091,0.0357,17
03/06/2020,INTC200306C00061000,5.6,0,5.55,6.05,0,0.236,0.9218,0.0356,22,61.000,INTC200306P00061000,0.46,0,0.29,0.33,0,0.2936,-0.1241,0.0401,44
03/06/2020,INTC200306C00061500,4.7,-0.55,4.95,6.95,1,0.2364,0.9003,0.0426,80,61.500,INTC200306P00061500,0.42,0,0.36,0.38,0,0.2891,-0.1442,0.0452,45
03/06/2020,INTC200306C00062000,4.12,0,4.75,5.45,0,0.2386,0.8736,0.05,6,62.000,INTC200306P00062000,0.53,0.045,0.42,0.44,18,0.2831,-0.1647,0.0504,51
03/06/2020,INTC200306C00062500,4,-0.4,4.35,4.55,2,0.2372,0.8466,0.0574,33,62.500,INTC200306P00062500,0.65,0.09,0.48,0.52,7,0.2801,-0.1906,0.0558,37
03/06/2020,INTC200306C00063000,3.45,-0.525,3.9,4.75,3,0.2392,0.8119,0.0648,32,63.000,INTC200306P00063000,0.7,0.045,0.57,0.6,3,0.2748,-0.2173,0.0615,152
03/06/2020,INTC200306C00063500,4.3,0,1.98,4.25,0,0.2361,0.7792,0.0723,186,63.500,INTC200306P00063500,0.71,-0.045,0.68,0.7,6,0.2704,-0.2482,0.0673,96
03/06/2020,INTC200306C00064000,2.88,-0.345,2.78,3.3,15,0.235,0.7406,0.0793,32,64.000,INTC200306P00064000,0.82,-0.055,0.79,0.82,15,0.2661,-0.2818,0.073,65
03/06/2020,INTC200306C00064500,2.93,0,2.81,2.94,0,0.2317,0.7003,0.0863,202,64.500,INTC200306P00064500,1.18,0.155,0.93,0.96,12,0.2641,-0.3196,0.0778,198
03/06/2020,INTC200306C00065000,2.39,-0.14,2.53,2.6,9,0.232,0.6545,0.0914,357,65.000,INTC200306P00065000,1.14,-0.035,1.08,1.12,12,0.2606,-0.359,0.0825,595
03/06/2020,INTC200306C00065500,1.9,-0.32,2.22,2.27,27,0.2311,0.6073,0.0957,274,65.500,INTC200306P00065500,1.58,0.215,1.26,1.3,2,0.2579,-0.401,0.0862,95
03/06/2020,INTC200306C00066000,1.8,-0.125,1.92,1.97,82,0.2288,0.5586,0.0992,167,66.000,INTC200306P00066000,1.79,0.22,1.45,1.5,19,0.2555,-0.4448,0.0889,56
03/06/2020,INTC200306C00066500,1.65,-0.005,1.65,1.69,46,0.228,0.5085,0.1006,333,66.500,INTC200306P00066500,2.02,0.215,1.68,1.72,1,0.254,-0.4898,0.0903,51
03/06/2020,INTC200306C00067000,1.31,-0.1,1.39,1.44,21,0.2258,0.4579,0.1011,99,67.000,INTC200306P00067000,2.39,0.33,1.93,1.97,23,0.2526,-0.535,0.0905,680
03/06/2020,INTC200306C00067500,1.15,-0.045,1.17,1.21,11,0.2243,0.4077,0.0996,227,67.500,INTC200306P00067500,2.19,0,2.2,2.27,0,0.2534,-0.579,0.0888,306
03/06/2020,INTC200306C00068000,0.91,-0.085,0.97,1.01,26,0.222,0.3582,0.0967,240,68.000,INTC200306P00068000,2.96,0.305,2.5,2.57,2,0.2532,-0.622,0.0863,13
03/06/2020,INTC200306C00068500,0.57,-0.26,0.8,0.83,15,0.2215,0.3119,0.0918,85,68.500,INTC200306P00068500,3.25,0.25,2.81,2.91,1,0.2556,-0.6615,0.0823,13
03/06/2020,INTC200306C00069000,0.52,-0.155,0.65,0.68,3,0.2216,0.269,0.0857,86,69.000,INTC200306P00069000,3.4,0.05,3.15,3.25,9,0.2549,-0.7009,0.0783,11
03/06/2020,INTC200306C00070000,0.33,-0.115,0.4,0.45,139,0.22,0.1921,0.0714,363,70.000,INTC200306P00070000,4.47,0.345,3.7,4.2,1,0.2687,-0.76,0.0666,76
03/06/2020,INTC200306C00071000,0.21,-0.07,0.25,0.28,1,0.2187,0.1306,0.0558,71,71.000,INTC200306P00071000,0,0,4.1,5.9,0,0.2633,-0.8224,0.0568,0
03/06/2020,INTC200306C00072000,0.13,-0.05,0.16,0.18,3,0.2212,0.0882,0.0416,78,72.000,INTC200306P00072000,5.8,0,5.6,6.75,0,0.4066,-0.7576,0.0442,5
03/06/2020,INTC200306C00073000,0.16,0,0.09,0.12,0,0.2239,0.0583,0.0299,49,73.000,INTC200306P00073000,0,0,4.8,8.3,0,0.4502,-0.7692,0.0389,0
03/06/2020,INTC200306C00074000,0.22,0.14,0.05,0.12,10,0.2378,0.045,0.0229,33,74.000,INTC200306P00074000,0,0,6.2,9.75,0,0.4501,-0.8033,0.0354,0
03/06/2020,INTC200306C00075000,0.04,-0.025,0.02,0.1,4,0.2469,0.033,0.0172,119,75.000,INTC200306P00075000,0,0,7.1,10.7,0,0.4298,-0.8453,0.0319,0
03/06/2020,INTC200306C00076000,0.11,0,0.01,0.08,0,0.2595,0.0261,0.0135,1,76.000,INTC200306P00076000,0,0,7.75,11.7,0,0.477,-0.8442,0.0288,0
03/06/2020,INTC200306C00077000,0.05,0,0,0.07,0,0.2729,0.0215,0.0108,9,77.000,INTC200306P00077000,0,0,8.75,12.7,0,0.4702,-0.8715,0.0257,0
03/06/2020,INTC200306C00078000,0,0,0,0.06,0,0.2866,0.018,0.0089,0,78.000,INTC200306P00078000,0,0,9.65,13.85,0,0.619,-0.8178,0.0246,0
03/06/2020,INTC200306C00079000,0.14,0,0,0.06,0,0.3043,0.0166,0.0078,1,79.000,INTC200306P00079000,0,0,10.85,14.8,0,0.5348,-0.8777,0.0218,0
03/06/2020,INTC200306C00080000,0,0,0,0.06,0,0.3135,0.0133,0.0063,0,80.000,INTC200306P00080000,0,0,11.6,15.85,0,0.5809,-0.8735,0.0206,0
03/06/2020,INTC200306C00081000,0.05,0,0,0.05,0,0.3329,0.013,0.0058,10,81.000,INTC200306P00081000,0,0,12.6,16.85,0,0.6174,-0.8733,0.0194,0
03/06/2020,INTC200306C00082000,0,0,0,0.05,0,0.3492,0.0122,0.0052,0,82.000,INTC200306P00082000,0,0,13.6,17.8,0,0.6343,-0.8814,0.018,0
03/06/2020,INTC200306C00083000,0,0,0,0.05,0,0.3648,0.0114,0.0047,0,83.000,INTC200306P00083000,0,0,14.6,18.8,0,0.6964,-0.8702,0.0175,0
03/06/2020,INTC200306C00084000,0,0,0,0.05,0,0.3739,0.0095,0.0039,0,84.000,INTC200306P00084000,0,0,15.6,19.8,0,0.709,-0.8786,0.0164,0
03/06/2020,INTC200306C00085000,0.35,0,0,0.04,0,0.3889,0.009,0.0036,1,85.000,INTC200306P00085000,0,0,16.65,20.75,0,0.8507,-0.8396,0.0165,0
03/13/2020,INTC200313C00055000,11.95,0,11.2,11.85,0,0.02,1,0.0084,0,55.000,INTC200313P00055000,0.1,0.035,0.08,0.15,21,0.3591,-0.0331,0.0105,21
03/13/2020,INTC200313C00059000,6.25,0,7.35,8,0,0.2339,0.9608,0.0184,1,59.000,INTC200313P00059000,0.33,0.055,0.22,0.29,1,0.3114,-0.0898,0.0265,236
03/13/2020,INTC200313C00059500,0,0,7,7.45,0,0.2322,0.9505,0.0224,0,59.500,INTC200313P00059500,0.33,0.01,0.27,0.33,1,0.3025,-0.0993,0.0294,2
03/13/2020,INTC200313C00060000,7.08,0,6.55,7.1,0,0.2411,0.9296,0.0285,20,60.000,INTC200313P00060000,0.37,0,0.31,0.36,0,0.2978,-0.1134,0.0328,164
03/13/2020,INTC200313C00060500,0,0,6.1,6.5,0,0.2447,0.9093,0.034,0,60.500,INTC200313P00060500,0.46,0.04,0.35,0.41,4,0.2916,-0.1279,0.0365,23
03/13/2020,INTC200313C00061000,5.9,0,5.7,6.05,0,0.249,0.8855,0.0395,11,61.000,INTC200313P00061000,0.52,0.045,0.42,0.46,1,0.2874,-0.1458,0.0405,515
03/13/2020,INTC200313C00061500,4.94,-0.435,5.35,5.55,3,0.2419,0.8696,0.0446,24,61.500,INTC200313P00061500,0.53,-0.005,0.47,0.62,6,0.2811,-0.1644,0.0448,408
03/13/2020,INTC200313C00062000,0,0,4.85,5.2,0,0.2355,0.8501,0.0503,0,62.000,INTC200313P00062000,0.75,0.135,0.56,0.64,21,0.2779,-0.1864,0.0491,284
03/13/2020,INTC200313C00062500,4.52,0,4.4,4.75,0,0.237,0.8202,0.0563,3,62.500,INTC200313P00062500,0.65,0,0.61,0.74,0,0.2739,-0.211,0.0537,173
03/13/2020,INTC200313C00063000,4.14,0,4.05,4.35,0,0.2349,0.7912,0.0622,10,63.000,INTC200313P00063000,0.87,0.065,0.74,0.78,4,0.269,-0.2369,0.0584,11
03/13/2020,INTC200313C00063500,4.27,0,3.7,3.9,0,0.2397,0.7527,0.0671,4,63.500,INTC200313P00063500,0.96,0.045,0.76,1.02,7,0.2668,-0.2672,0.0627,106
03/13/2020,INTC200313C00064000,3,-0.4,3.35,3.5,2,0.2329,0.7215,0.0733,15,64.000,INTC200313P00064000,1.15,0.105,0.96,1,3,0.263,-0.2986,0.0671,18
03/13/2020,INTC200313C00064500,3,0,2.91,3.15,0,0.2327,0.6825,0.0779,15,64.500,INTC200313P00064500,1.36,0.165,1.11,1.25,5,0.2599,-0.3326,0.0711,76
03/13/2020,INTC200313C00065000,2.37,-0.36,2.75,2.8,6,0.2324,0.6417,0.0818,70,65.000,INTC200313P00065000,1.3,-0.06,1.27,1.31,49,0.2566,-0.3686,0.0748,112
03/13/2020,INTC200313C00065500,2.05,-0.355,2.43,2.48,3,0.2306,0.5999,0.0852,55,65.500,INTC200313P00065500,1.7,0.155,1.45,1.49,21,0.2541,-0.4066,0.0777,53
03/13/2020,INTC200313C00066000,2.14,0.01,2.14,2.18,150,0.2287,0.5566,0.0878,79,66.000,INTC200313P00066000,1.92,0.165,1.64,1.8,1,0.252,-0.446,0.0798,8
03/13/2020,INTC200313C00066500,1.77,-0.085,1.86,1.93,3,0.2272,0.5122,0.0893,67,66.500,INTC200313P00066500,1.94,0,1.88,1.91,0,0.2502,-0.4863,0.0811,17
03/13/2020,INTC200313C00067000,1.33,-0.28,1.61,1.65,6,0.2249,0.4672,0.09,36,67.000,INTC200313P00067000,1.9,0,2.11,2.17,0,0.2489,-0.527,0.0814,11
03/13/2020,INTC200313C00067500,1.15,-0.235,1.37,1.54,3,0.2241,0.4227,0.0889,39,67.500,INTC200313P00067500,2.17,0,2.36,2.64,0,0.2479,-0.5673,0.0807,3
03/13/2020,INTC200313C00068000,1.08,-0.1,1.17,1.21,33,0.2224,0.3787,0.087,76,68.000,INTC200313P00068000,3.06,0.245,2.67,2.96,1,0.2467,-0.6071,0.0793,1
03/13/2020,INTC200313C00068500,0.8,-0.2,0.97,1.09,2,0.2206,0.3357,0.0841,69,68.500,INTC200313P00068500,0,0,2.98,3.2,0,0.2487,-0.6437,0.0763,0
03/13/2020,INTC200313C00069000,0.85,0,0.78,0.97,0,0.22,0.2956,0.0799,42,69.000,INTC200313P00069000,0,0,3.3,3.45,0,0.2498,-0.6786,0.073,0
03/13/2020,INTC200313C00069500,0.66,-0.04,0.64,0.71,4,0.2196,0.2581,0.0749,16,69.500,INTC200313P00069500,0,0,3.6,3.85,0,0.2473,-0.7153,0.0698,0
03/13/2020,INTC200313C00070000,0.52,-0.06,0.56,0.59,8,0.2171,0.2209,0.0695,15,70.000,INTC200313P00070000,0,0,4,4.4,0,0.2498,-0.7459,0.0653,0
03/13/2020,INTC200313C00070500,0.75,0,0.42,0.49,0,0.2177,0.1902,0.0634,10,70.500,INTC200313P00070500,0,0,4.25,4.8,0,0.2519,-0.7733,0.0608,0
03/13/2020,INTC200313C00071000,0.6,0,0.34,0.58,0,0.217,0.1604,0.0572,10,71.000,INTC200313P00071000,0,0,4.7,5.25,0,0.2546,-0.7983,0.0562,0
03/13/2020,INTC200313C00071500,0.25,-0.06,0.25,0.33,2,0.2154,0.1339,0.051,7,71.500,INTC200313P00071500,0,0,5.3,5.5,0,0.2585,-0.8188,0.0519,0
03/13/2020,INTC200313C00072000,0.22,-0.035,0.16,0.27,1,0.2162,0.1121,0.0449,258,72.000,INTC200313P00072000,5.15,0,5.7,6,0,0.2611,-0.8399,0.0474,34
03/13/2020,INTC200313C00072500,0.29,0,0.17,0.22,0,0.2176,0.0948,0.0394,1,72.500,INTC200313P00072500,6.25,0,6.1,6.55,0,0.2661,-0.8553,0.0435,6
03/13/2020,INTC200313C00073000,0.14,-0.025,0.14,0.17,11,0.219,0.0791,0.0342,153,73.000,INTC200313P00073000,0,0,6.55,7,0,0.2751,-0.8658,0.04,0
03/13/2020,INTC200313C00073500,0.19,0,0.1,0.27,0,0.2173,0.0631,0.029,3,73.500,INTC200313P00073500,0,0,7.05,7.45,0,0.2823,-0.8766,0.0368,0
03/13/2020,INTC200313C00074000,0,0,0.09,0.13,0,0.2201,0.0533,0.0251,0,74.000,INTC200313P00074000,0,0,7.55,7.9,0,0.297,-0.8796,0.0343,0
03/13/2020,INTC200313C00075000,0.1,0.02,0.05,0.12,10,0.2408,0.049,0.0214,12,75.000,INTC200313P00075000,0,0,8.55,8.85,0,0.3155,-0.8932,0.0297,0
03/20/2020,INTC200320C00026000,41.01,0,40.25,40.6,0,0.02,1,0.0001,0,26.000,INTC200320P00026000,0.01,0,0,0.02,0,1.001,-0.0012,0.0002,205
03/20/2020,INTC200320C00027000,40.07,0,39.3,39.6,0,0.02,0.9987,0.0002,0,27.000,INTC200320P00027000,0,0,0,0.02,0,0.9676,-0.0013,0.0002,0
03/20/2020,INTC200320C00028000,0,0,38.25,38.6,0,0.02,1,0.0002,0,28.000,INTC200320P00028000,0,0,0,0.02,0,0.9385,-0.0015,0.0002,0
03/20/2020,INTC200320C00029000,38.14,0,37.3,37.6,0,0.02,0.9975,0.0004,0,29.000,INTC200320P00029000,0,0,0,0.02,0,0.8943,-0.0014,0.0002,0
03/20/2020,INTC200320C00030000,37.14,0,36.25,36.6,0,0.02,1,0.0004,0,30.000,INTC200320P00030000,0.01,0,0,0.02,0,0.8655,-0.0016,0.0003,45
03/20/2020,INTC200320C00031000,0,0,35.25,35.6,0,0.02,1,0.0002,0,31.000,INTC200320P00031000,0.03,0,0,0.02,0,0.8371,-0.0017,0.0003,35
03/20/2020,INTC200320C00032000,0,0,34.25,34.6,0,0.02,1,0.0003,0,32.000,INTC200320P00032000,0.02,0,0,0.02,0,0.8036,-0.0018,0.0003,21
03/20/2020,INTC200320C00033000,0,0,33.3,33.6,0,0.02,1,0.0002,0,33.000,INTC200320P00033000,0.03,0,0,0.02,0,0.8067,-0.0026,0.0005,508
03/20/2020,INTC200320C00034000,33.39,0,32.25,32.6,0,0.02,1,0.0004,0,34.000,INTC200320P00034000,0.01,0,0,0.03,0,0.7728,-0.0027,0.0005,23
03/20/2020,INTC200320C00035000,32.11,0,31.3,31.65,0,0.02,0.9962,0.0007,0,35.000,INTC200320P00035000,0.01,0,0,0.03,0,0.7352,-0.0026,0.0005,1330
03/20/2020,INTC200320C00036000,20.8,0,30.3,30.65,0,0.02,0.9962,0.0007,0,36.000,INTC200320P00036000,0.04,0,0,0.03,0,0.712,-0.003,0.0006,750
03/20/2020,INTC200320C00037000,30.24,0,29.25,29.65,0,0.02,1,0.0001,14,37.000,INTC200320P00037000,0.01,0,0,0.03,0,0.6823,-0.0031,0.0006,124
03/20/2020,INTC200320C00038000,30.07,0,28.3,28.65,0,0.02,0.9967,0.0007,0,38.000,INTC200320P00038000,0.01,0,0.01,0.03,0,0.6678,-0.0038,0.0008,1711
03/20/2020,INTC200320C00039000,0,0,27.3,27.6,0,0.02,1,0,0,39.000,INTC200320P00039000,0.03,0,0,0.03,0,0.6216,-0.0032,0.0007,501
03/20/2020,INTC200320C00040000,27.35,0,26.3,26.6,0,0.02,1,0,5,40.000,INTC200320P00040000,0.02,0,0.01,0.03,0,0.6206,-0.0046,0.001,462
03/20/2020,INTC200320C00041000,26.18,0,25.35,25.65,0,0.02,0.9924,0.0015,4,41.000,INTC200320P00041000,0.02,0,0.01,0.03,0,0.5921,-0.0047,0.0011,618
03/20/2020,INTC200320C00042000,25.19,0,24.3,24.65,0,0.02,0.997,0.0008,15,42.000,INTC200320P00042000,0.04,0,0.01,0.03,0,0.563,-0.0048,0.0011,877
03/20/2020,INTC200320C00043000,24.25,0,23.25,23.65,0,0.02,1,0.0002,6,43.000,INTC200320P00043000,0.04,0,0.01,0.03,0,0.5392,-0.0052,0.0013,1568
03/20/2020,INTC200320C00044000,23.3,0,22.3,22.65,0,0.02,0.998,0.0006,0,44.000,INTC200320P00044000,0.03,0,0.02,0.03,0,0.5244,-0.0063,0.0016,2177
03/20/2020,INTC200320C00045000,22.22,0,21.3,21.65,0,0.02,0.9986,0.0005,6,45.000,INTC200320P00045000,0.02,0,0.02,0.03,0,0.4996,-0.0067,0.0017,5365
03/20/2020,INTC200320C00046000,21.45,0,20.3,20.7,0,0.02,0.9922,0.002,2,46.000,INTC200320P00046000,0.04,0,0.03,0.04,0,0.4932,-0.009,0.0023,5940
03/20/2020,INTC200320C00047000,20.05,0,19.35,19.6,0,0.02,1,0,5,47.000,INTC200320P00047000,0.06,0,0.03,0.04,0,0.4679,-0.0095,0.0025,3347
03/20/2020,INTC200320C00048000,19.15,0,18.35,18.7,0,0.02,0.9866,0.0034,3,48.000,INTC200320P00048000,0.05,0.005,0.04,0.05,3,0.4579,-0.0121,0.0032,3426
03/20/2020,INTC200320C00049000,18.2,0,17.3,17.65,0,0.02,1,0,0,49.000,INTC200320P00049000,0.06,0,0.04,0.06,0,0.4466,-0.0152,0.0039,4231
03/20/2020,INTC200320C00050000,15.77,-0.63,16.35,16.65,3,0.02,0.9922,0.0027,21,50.000,INTC200320P00050000,0.06,0,0.05,0.07,0,0.4308,-0.0181,0.0048,7015
03/20/2020,INTC200320C00052500,14.45,0,13.9,14.15,0,0.02,0.9846,0.0052,46,52.500,INTC200320P00052500,0.1,0.01,0.08,0.1,2,0.391,-0.0279,0.0075,10552
03/20/2020,INTC200320C00055000,10.92,-0.605,11.35,11.7,49,0.02,1,0.0067,88,55.000,INTC200320P00055000,0.15,-0.005,0.12,0.15,13,0.3528,-0.044,0.0122,15266
03/20/2020,INTC200320C00057500,8.55,-0.575,9.1,9.3,28,0.2187,0.9809,0.0098,3736,57.500,INTC200320P00057500,0.24,-0.015,0.22,0.23,84,0.3179,-0.0732,0.0201,12221
03/20/2020,INTC200320C00060000,6.43,-0.37,6.8,6.95,10,0.2502,0.9032,0.0316,8619,60.000,INTC200320P00060000,0.42,-0.025,0.4,0.41,287,0.2907,-0.129,0.0334,7245
03/20/2020,INTC200320C00062500,4.64,-0.06,4.7,4.8,88,0.2417,0.7956,0.0541,7442,62.500,INTC200320P00062500,0.77,-0.065,0.76,0.77,204,0.2691,-0.2265,0.0516,11591
03/20/2020,INTC200320C00065000,2.87,-0.06,2.94,3,399,0.2318,0.6332,0.0749,20173,65.000,INTC200320P00065000,1.46,-0.07,1.43,1.46,969,0.2528,-0.375,0.0691,12156
03/20/2020,INTC200320C00067500,1.6,0.025,1.58,1.6,1368,0.2232,0.4337,0.0812,9975,67.500,INTC200320P00067500,2.64,-0.035,2.53,2.6,265,0.2441,-0.558,0.0745,6927
03/20/2020,INTC200320C00070000,0.7,-0.025,0.71,0.73,3077,0.2178,0.2471,0.0668,15206,70.000,INTC200320P00070000,4.8,0.45,4.15,4.25,210,0.2438,-0.7267,0.0629,730
03/20/2020,INTC200320C00072500,0.28,-0.015,0.28,0.29,54,0.2167,0.1184,0.0421,5637,72.500,INTC200320P00072500,6.24,0,6.25,6.45,0,0.2588,-0.8359,0.044,52
03/20/2020,INTC200320C00075000,0.11,-0.005,0.1,0.12,150,0.2181,0.0494,0.0216,6017,75.000,INTC200320P00075000,9.2,0.4,8.6,8.8,10,0.295,-0.8846,0.0304,265
03/20/2020,INTC200320C00077500,0.06,0,0.04,0.05,0,0.2344,0.0251,0.0115,280,77.500,INTC200320P00077500,12.27,0,11,11.3,0,0.3396,-0.9071,0.0226,0
03/20/2020,INTC200320C00080000,0.02,-0.01,0.02,0.03,51,0.2529,0.0141,0.0065,1739,80.000,INTC200320P00080000,14.95,0,13.5,13.8,0,0.4029,-0.9094,0.0187,0
03/20/2020,INTC200320C00085000,0.01,0,0,0.03,0,0.303,0.0076,0.0032,298,85.000,INTC200320P00085000,0,0,18.5,18.8,0,0.4935,-0.9251,0.0132,0
03/27/2020,INTC200327C00060000,7.25,0,6.85,7.15,0,0.2751,0.8593,0.0341,15,60.000,INTC200327P00060000,0.61,0.065,0.22,0.82,1,0.2809,-0.1432,0.0341,7
03/27/2020,INTC200327C00060500,0,0,6.1,7,0,0.2698,0.8436,0.0374,0,60.500,INTC200327P00060500,0,0,0.28,0.9,0,0.2762,-0.1592,0.0372,0
03/27/2020,INTC200327C00061000,0,0,5.7,6.5,0,0.2703,0.8218,0.0406,0,61.000,INTC200327P00061000,0,0,0.35,0.95,0,0.2722,-0.1774,0.0405,0
03/27/2020,INTC200327C00061500,0,0,5.3,6.05,0,0.2612,0.8062,0.0443,0,61.500,INTC200327P00061500,0.85,0.085,0.47,1.01,4,0.268,-0.1972,0.0439,4
03/27/2020,INTC200327C00062000,0,0,5,5.7,0,0.2606,0.7826,0.0476,0,62.000,INTC200327P00062000,0.92,0.065,0.77,0.88,2,0.2641,-0.2183,0.0473,19
03/27/2020,INTC200327C00062500,0,0,4.7,5.15,0,0.2546,0.7601,0.0515,0,62.500,INTC200327P00062500,1.06,0.105,0.8,1.08,1,0.2607,-0.2419,0.0508,4
03/27/2020,INTC200327C00063000,0,0,4.4,4.6,0,0.251,0.7353,0.0551,0,63.000,INTC200327P00063000,1.28,0.205,0.89,1.28,4,0.2571,-0.2671,0.0542,14
03/27/2020,INTC200327C00063500,0,0,3.8,4.35,0,0.2477,0.7075,0.0586,0,63.500,INTC200327P00063500,0,0,1.02,1.53,0,0.2532,-0.2939,0.0577,0
03/27/2020,INTC200327C00064000,3.35,-0.4,3.6,4,7,0.2453,0.6775,0.0618,8,64.000,INTC200327P00064000,1.25,0,1.17,1.58,0,0.2507,-0.3234,0.0607,5
03/27/2020,INTC200327C00064500,0,0,3.3,3.55,0,0.2449,0.6445,0.0643,0,64.500,INTC200327P00064500,1.54,0,1.33,1.61,0,0.2481,-0.3542,0.0635,15
03/27/2020,INTC200327C00065000,2.75,-0.35,2.94,3.15,1,0.2406,0.613,0.0673,19,65.000,INTC200327P00065000,1.89,0.21,1.47,1.78,3,0.245,-0.3867,0.0662,2
03/27/2020,INTC200327C00065500,2.42,-0.35,2.62,2.99,2,0.2374,0.579,0.0697,6,65.500,INTC200327P00065500,1.79,0,1.69,2.12,0,0.2425,-0.4203,0.0683,13
03/27/2020,INTC200327C00066000,2.38,-0.1,2.5,2.76,9,0.2349,0.544,0.0715,9,66.000,INTC200327P00066000,2.18,0.1,1.88,2.3,2,0.2402,-0.4549,0.0699,70
03/27/2020,INTC200327C00066500,2.15,-0.075,2.16,2.3,13,0.2324,0.5078,0.0727,12,66.500,INTC200327P00066500,2.06,0,2.1,2.57,0,0.2386,-0.4899,0.0708,1
03/27/2020,INTC200327C00067000,1.68,-0.295,1.61,2.22,6,0.2311,0.4706,0.0729,18,67.000,INTC200327P00067000,2.3,0,2.35,2.91,0,0.2369,-0.5255,0.0712,13
03/27/2020,INTC200327C00067500,1.46,-0.275,1.57,1.96,6,0.2288,0.4341,0.0729,9,67.500,INTC200327P00067500,2.45,0,2.62,2.91,0,0.2349,-0.5613,0.071,10
03/27/2020,INTC200327C00068000,1.33,-0.195,1.5,1.57,15,0.2277,0.3985,0.0718,15,68.000,INTC200327P00068000,0,0,2.91,3.4,0,0.2349,-0.5958,0.0698,0
03/27/2020,INTC200327C00068500,1.24,-0.09,1.3,1.58,2,0.2269,0.3631,0.0701,2,68.500,INTC200327P00068500,0,0,3.25,3.45,0,0.2352,-0.6292,0.068,0
03/27/2020,INTC200327C00069000,1.06,-0.095,1.12,1.19,22,0.2241,0.3279,0.0683,22,69.000,INTC200327P00069000,4.1,0.35,3.6,3.8,1,0.2308,-0.665,0.0667,1
03/27/2020,INTC200327C00069500,0.89,-0.115,0.92,1.25,3,0.2234,0.2948,0.0654,3,69.500,INTC200327P00069500,0,0,3.95,4.1,0,0.2301,-0.6969,0.0641,0
03/27/2020,INTC200327C00070000,0.76,-0.09,0.76,0.88,45,0.2229,0.2639,0.0622,63,70.000,INTC200327P00070000,0,0,4.25,4.7,0,0.2309,-0.726,0.0609,0
03/27/2020,INTC200327C00070500,0,0,0.39,1.05,0,0.22,0.2319,0.0588,0,70.500,INTC200327P00070500,0,0,4.45,4.95,0,0.23,-0.7549,0.0577,0
03/27/2020,INTC200327C00071000,0.51,-0.105,0.36,0.95,1,0.2193,0.2039,0.0548,1,71.000,INTC200327P00071000,0,0,5,5.4,0,0.229,-0.7827,0.0541,0
03/27/2020,INTC200327C00071500,0.63,0,0.2,0.83,0,0.2173,0.1777,0.0508,6,71.500,INTC200327P00071500,0,0,5.35,5.95,0,0.2329,-0.8023,0.0503,0
03/27/2020,INTC200327C00072000,0.53,0,0.4,0.73,0,0.2189,0.157,0.0466,9,72.000,INTC200327P00072000,0,0,5.8,6.35,0,0.232,-0.8264,0.0465,0
03/27/2020,INTC200327C00072500,0,0,0.31,0.61,0,0.2159,0.1331,0.0422,0,72.500,INTC200327P00072500,0,0,6.3,6.65,0,0.2347,-0.843,0.043,0
03/27/2020,INTC200327C00073000,0,0,0.23,0.35,0,0.2166,0.1152,0.0381,0,73.000,INTC200327P00073000,0,0,6.75,7,0,0.2365,-0.8601,0.0395,0
03/27/2020,INTC200327C00073500,0.25,-0.01,0.21,0.47,1,0.2164,0.099,0.0341,27,73.500,INTC200327P00073500,0,0,7.2,7.5,0,0.2438,-0.8693,0.0365,0
04/17/2020,INTC200417C00025000,36,0,41.3,41.65,0,0.02,0.9977,0.0003,0,25.000,INTC200417P00025000,0.08,0,0,0.02,0,0.8135,-0.0014,0.0002,10
04/17/2020,INTC200417C00026000,0,0,40.3,40.65,0,0.02,0.9982,0.0003,0,26.000,INTC200417P00026000,0,0,0,0.02,0,0.7695,-0.0013,0.0002,0
04/17/2020,INTC200417C00027000,0,0,39.3,39.65,0,0.02,0.9997,0.0001,0,27.000,INTC200417P00027000,0,0,0,0.02,0,0.7467,-0.0014,0.0002,0
04/17/2020,INTC200417C00028000,0,0,38.3,38.65,0,0.02,0.9989,0.0002,0,28.000,INTC200417P00028000,0.04,0,0,0.03,0,0.7581,-0.0023,0.0003,11
04/17/2020,INTC200417C00029000,0,0,37.3,37.65,0,0.02,0.9989,0.0002,0,29.000,INTC200417P00029000,0.24,0,0,0.03,0,0.7147,-0.0021,0.0003,12
04/17/2020,INTC200417C00030000,15.5,0,36.3,36.65,0,0.02,1,0,0,30.000,INTC200417P00030000,0.05,0,0,0.03,0,0.6885,-0.0022,0.0004,49
04/17/2020,INTC200417C00031000,0,0,35.3,35.65,0,0.02,1,0,0,31.000,INTC200417P00031000,0.23,0,0,0.03,0,0.6662,-0.0024,0.0004,10
04/17/2020,INTC200417C00032000,35.19,0,34.3,34.65,0,0.02,1,0.0001,0,32.000,INTC200417P00032000,0.02,0,0,0.03,0,0.6359,-0.0024,0.0004,20
04/17/2020,INTC200417C00033000,0,0,33.35,33.65,0,0.02,0.9978,0.0004,0,33.000,INTC200417P00033000,0.03,0,0.01,0.03,0,0.635,-0.0033,0.0006,162
04/17/2020,INTC200417C00034000,33.32,0,32.3,32.7,0,0.02,0.998,0.0004,0,34.000,INTC200417P00034000,0.01,0,0,0.03,0,0.5898,-0.0027,0.0005,42
04/17/2020,INTC200417C00035000,0,0,31.35,31.7,0,0.02,0.995,0.0008,0,35.000,INTC200417P00035000,0.01,0,0.01,0.03,0,0.5794,-0.0033,0.0006,139
04/17/2020,INTC200417C00036000,31.36,0,30.35,30.65,0,0.02,0.9976,0.0005,0,36.000,INTC200417P00036000,0.02,0,0.01,0.03,0,0.5595,-0.0036,0.0007,21
04/17/2020,INTC200417C00037000,30.63,0,29.35,29.7,0,0.02,0.9947,0.001,0,37.000,INTC200417P00037000,0.02,0,0.01,0.03,0,0.5325,-0.0036,0.0007,18
04/17/2020,INTC200417C00038000,18.7,0,28.35,28.7,0,0.02,0.9948,0.001,0,38.000,INTC200417P00038000,0.06,0,0.01,0.03,0,0.5309,-0.005,0.001,71
04/17/2020,INTC200417C00039000,28.32,0,27.3,27.65,0,0.02,1,0,0,39.000,INTC200417P00039000,0.04,0,0.02,0.03,0,0.5046,-0.0049,0.001,33
04/17/2020,INTC200417C00040000,18.62,0,26.35,26.75,0,0.02,0.9914,0.0016,0,40.000,INTC200417P00040000,0.02,0,0.02,0.03,0,0.4839,-0.0052,0.0011,1754
04/17/2020,INTC200417C00041000,26.13,0,25.35,25.75,0,0.02,0.9908,0.0017,5,41.000,INTC200417P00041000,0.04,0,0.02,0.04,0,0.4849,-0.0074,0.0015,118
04/17/2020,INTC200417C00042000,25.35,0,24.3,24.75,0,0.02,0.9951,0.0012,0,42.000,INTC200417P00042000,0.07,0,0.03,0.04,0,0.461,-0.0075,0.0016,78
04/17/2020,INTC200417C00043000,24.35,0,23.35,23.75,0,0.02,0.9926,0.0017,4,43.000,INTC200417P00043000,0.04,-0.015,0.04,0.05,1,0.4527,-0.0094,0.002,164
04/17/2020,INTC200417C00044000,23.35,0,22.4,22.75,0,0.02,0.9885,0.0024,3,44.000,INTC200417P00044000,0.05,-0.005,0.04,0.05,1,0.4473,-0.012,0.0025,563
04/17/2020,INTC200417C00045000,21.2,-0.3,21.35,21.8,5,0.02,0.9874,0.0027,8,45.000,INTC200417P00045000,0.05,0,0.05,0.06,0,0.4231,-0.0122,0.0026,2008
04/17/2020,INTC200417C00046000,21.35,0,20.35,20.8,0,0.02,0.9872,0.0029,0,46.000,INTC200417P00046000,0.06,0,0.05,0.08,0,0.4065,-0.0135,0.003,887
04/17/2020,INTC200417C00047000,20.45,0,19.4,19.75,0,0.02,0.9882,0.0029,0,47.000,INTC200417P00047000,0.08,0,0.06,0.08,0,0.4,-0.0171,0.0037,198
04/17/2020,INTC200417C00048000,19.25,0,18.4,18.75,0,0.02,0.9881,0.0031,0,48.000,INTC200417P00048000,0.13,0,0.08,0.09,0,0.39,-0.0206,0.0045,929
04/17/2020,INTC200417C00049000,15.9,0,17.3,17.8,0,0.02,1,0.0025,4,49.000,INTC200417P00049000,0.11,0,0.09,0.11,0,0.3785,-0.0243,0.0053,930
04/17/2020,INTC200417C00050000,16.99,0,16.5,16.8,0,0.02,1,0.006,87,50.000,INTC200417P00050000,0.1,0,0.11,0.12,0,0.3677,-0.029,0.0063,7589
04/17/2020,INTC200417C00052500,13.58,-0.57,14.1,14.4,5,0.02,1,0.01,3194,52.500,INTC200417P00052500,0.2,0,0.16,0.18,0,0.3396,-0.044,0.0096,2882
04/17/2020,INTC200417C00055000,11.26,-0.465,11.7,12.05,7,0.2507,0.9666,0.0104,5107,55.000,INTC200417P00055000,0.3,0.005,0.26,0.27,35,0.3116,-0.067,0.0146,6324
04/17/2020,INTC200417C00057500,8.85,-0.575,9.3,9.55,18,0.2519,0.9212,0.0205,3013,57.500,INTC200417P00057500,0.49,0.015,0.42,0.44,195,0.2897,-0.1066,0.0223,2759
04/17/2020,INTC200417C00060000,7.15,-0.1,7.25,7.35,49,0.2487,0.8486,0.0332,7333,60.000,INTC200417P00060000,0.73,-0.045,0.7,0.72,1945,0.2712,-0.1699,0.0328,3658
04/17/2020,INTC200417C00062500,5.3,0.075,5.25,5.35,78,0.2389,0.7485,0.0469,14533,62.500,INTC200417P00062500,1.24,-0.035,1.18,1.21,857,0.2561,-0.2637,0.0449,3923
04/17/2020,INTC200417C00065000,3.29,-0.26,3.5,3.6,172,0.2282,0.6162,0.0588,8309,65.000,INTC200417P00065000,2.04,-0.02,1.94,1.97,39,0.2444,-0.3888,0.0552,1676
04/17/2020,INTC200417C00067500,2.03,-0.16,2.16,2.22,215,0.2211,0.4615,0.0632,5501,67.500,INTC200417P00067500,3.45,0.225,3.05,3.15,52,0.2375,-0.5331,0.0588,1025
04/17/2020,INTC200417C00070000,1.18,-0.05,1.2,1.23,783,0.2145,0.3094,0.0578,6189,70.000,INTC200417P00070000,4.75,-0.025,4.6,4.7,22,0.2321,-0.6745,0.0546,512
04/17/2020,INTC200417C00072500,0.56,-0.08,0.61,0.64,152,0.2112,0.1856,0.0445,1425,72.500,INTC200417P00072500,6.1,0,6.5,6.7,0,0.2378,-0.7836,0.0434,48
04/17/2020,INTC200417C00075000,0.29,-0.02,0.3,0.31,278,0.212,0.103,0.0297,3142,75.000,INTC200417P00075000,8.5,0,8.65,8.9,0,0.2466,-0.8585,0.032,23
04/17/2020,INTC200417C00077500,0.13,-0.025,0.14,0.15,20,0.2154,0.0548,0.0181,198,77.500,INTC200417P00077500,10.55,0,11,11.35,0,0.2733,-0.8922,0.0239,10
04/17/2020,INTC200417C00080000,0.07,-0.015,0.07,0.08,109,0.2218,0.0297,0.0107,952,80.000,INTC200417P00080000,12.1,0,13.55,13.8,0,0.3108,-0.9052,0.0191,1
04/17/2020,INTC200417C00085000,0.03,-0.005,0.02,0.03,26,0.2442,0.0112,0.0042,392,85.000,INTC200417P00085000,0,0,18.55,18.8,0,0.395,-0.9128,0.0141,0
05/15/2020,INTC200515C00035000,32.15,0,31.35,31.75,0,0.02,1,0.0023,1,35.000,INTC200515P00035000,0.05,0,0.01,0.03,0,0.5046,-0.0044,0.0008,345
05/15/2020,INTC200515C00040000,0,0,26.4,26.75,0,0.3966,0.9922,0.001,0,40.000,INTC200515P00040000,0.09,0,0.04,0.06,0,0.4472,-0.0097,0.0017,14
05/15/2020,INTC200515C00045000,20,0,21.35,21.85,0,0.3882,0.9774,0.0036,2,45.000,INTC200515P00045000,0.11,0,0.1,0.12,0,0.3972,-0.0214,0.0038,3189
05/15/2020,INTC200515C00050000,16.6,0,16.4,16.95,0,0.3527,0.9493,0.0083,51,50.000,INTC200515P00050000,0.28,0.01,0.23,0.25,2,0.3537,-0.0477,0.0083,797
05/15/2020,INTC200515C00052500,13.85,-0.475,14.1,14.5,4,0.3245,0.9308,0.0117,54,52.500,INTC200515P00052500,0.4,0,0.35,0.37,38,0.3346,-0.0712,0.012,929
05/15/2020,INTC200515C00055000,11.5,-0.475,11.8,12.2,2,0.3078,0.8972,0.0168,348,55.000,INTC200515P00055000,0.6,0,0.55,0.57,3,0.3176,-0.1057,0.017,2142
05/15/2020,INTC200515C00057500,9.21,-0.59,9.75,10,18,0.2901,0.8505,0.0233,1163,57.500,INTC200515P00057500,0.97,0.06,0.84,0.87,3,0.3025,-0.1547,0.0232,1783
05/15/2020,INTC200515C00060000,7.3,-0.425,7.75,7.9,20,0.2805,0.781,0.0308,2299,60.000,INTC200515P00060000,1.48,0.115,1.29,1.32,23,0.2894,-0.2214,0.0303,7587
05/15/2020,INTC200515C00062500,5.4,-0.475,5.85,6,31,0.2673,0.6951,0.0384,2594,62.500,INTC200515P00062500,2.14,0.11,1.94,1.98,1,0.279,-0.3071,0.0371,1284
05/15/2020,INTC200515C00065000,4.3,0.025,4.25,4.35,999,0.2579,0.5901,0.0443,9817,65.000,INTC200515P00065000,2.96,0,2.84,2.9,65,0.271,-0.4084,0.0422,537
05/15/2020,INTC200515C00067500,2.8,-0.165,2.95,3.05,49,0.2508,0.4751,0.0467,6204,67.500,INTC200515P00067500,4.48,0.305,4,4.1,2,0.2652,-0.5177,0.0442,251
05/15/2020,INTC200515C00070000,1.96,0,1.95,2,37,0.2446,0.36,0.0451,4362,70.000,INTC200515P00070000,6,0.325,5.5,5.6,1,0.2646,-0.6229,0.0422,255
05/15/2020,INTC200515C00072500,1.18,-0.07,1.21,1.27,43,0.2405,0.2574,0.0395,655,72.500,INTC200515P00072500,7.45,-0.025,7.3,7.4,2,0.265,-0.7159,0.0375,113
05/15/2020,INTC200515C00075000,0.73,-0.03,0.74,0.76,87,0.2375,0.1734,0.0318,2308,75.000,INTC200515P00075000,10.25,0.75,9.2,9.45,2,0.2665,-0.792,0.0314,105
05/15/2020,INTC200515C00077500,0.54,0,0.43,0.46,0,0.2368,0.1121,0.0237,106,77.500,INTC200515P00077500,13.75,0,11.4,11.65,0,0.2778,-0.8422,0.0252,37
05/15/2020,INTC200515C00080000,0.24,-0.025,0.25,0.27,2,0.2388,0.0715,0.0169,171,80.000,INTC200515P00080000,13.55,0,13.7,13.95,0,0.2882,-0.8799,0.0201,10
05/15/2020,INTC200515C00085000,0.1,0.005,0.09,0.1,54,0.2489,0.0302,0.0081,265,85.000,INTC200515P00085000,0,0,18.5,18.85,0,0.3241,-0.9172,0.0135,0
06/19/2020,INTC200619C00023000,0,0,43.2,43.65,0,0.02,1,0.0017,0,23.000,INTC200619P00023000,0.03,0,0,0.03,0,0.6473,-0.0016,0.0002,430
06/19/2020,INTC200619C00025000,32.88,0,41.2,41.65,0,0.02,1,0.002,0,25.000,INTC200619P00025000,0.02,0,0,0.04,0,0.62,-0.0023,0.0003,174
06/19/2020,INTC200619C00030000,37.1,0,36.2,36.7,0,0.02,1,0.0025,52,30.000,INTC200619P00030000,0.02,0,0,0.03,0,0.5141,-0.003,0.0005,468
06/19/2020,INTC200619C00035000,32.4,0,31.25,31.8,0,0.02,1,0.0031,14,35.000,INTC200619P00035000,0.03,0,0.02,0.05,0,0.4453,-0.0055,0.0009,9744
06/19/2020,INTC200619C00040000,26.5,0,26.25,26.85,0,0.477,0.9678,0.0033,218,40.000,INTC200619P00040000,0.1,0,0.09,0.11,0,0.4179,-0.0154,0.0023,21977
06/19/2020,INTC200619C00045000,22.18,0,21.35,22,0,0.3761,0.9626,0.0048,680,45.000,INTC200619P00045000,0.19,0,0.17,0.2,7,0.3726,-0.0311,0.0048,38825
06/19/2020,INTC200619C00050000,16.3,-0.5,16.4,17.2,2,0.3307,0.9331,0.0093,8334,50.000,INTC200619P00050000,0.37,0,0.34,0.39,0,0.3308,-0.0618,0.0093,21249
06/19/2020,INTC200619C00052500,13.85,-0.575,14,14.9,1,0.3047,0.9121,0.0126,7938,52.500,INTC200619P00052500,0.56,-0.01,0.52,0.55,14,0.3141,-0.0883,0.0128,7455
06/19/2020,INTC200619C00055000,11.72,-0.48,11.75,12.7,13,0.295,0.8722,0.0174,26333,55.000,INTC200619P00055000,0.86,0.04,0.77,0.8,52,0.3004,-0.1261,0.0174,4850
06/19/2020,INTC200619C00057500,9.6,-0.45,9.85,10.2,16,0.2797,0.824,0.0229,8090,57.500,INTC200619P00057500,1.24,0.045,1.13,1.17,155,0.2878,-0.1764,0.0227,4965
06/19/2020,INTC200619C00060000,7.65,-0.425,7.95,8.45,34,0.2691,0.7584,0.0288,17472,60.000,INTC200619P00060000,1.83,0.105,1.65,1.7,23,0.2761,-0.2409,0.0284,4663
06/19/2020,INTC200619C00062500,5.9,-0.4,6.25,6.4,4,0.2587,0.6779,0.0346,9501,62.500,INTC200619P00062500,2.62,0.17,2.35,2.41,12,0.2684,-0.3211,0.0336,6915
06/19/2020,INTC200619C00065000,4.7,-0.05,4.7,4.85,60,0.2509,0.5839,0.039,9498,65.000,INTC200619P00065000,3.6,0.2,3.25,3.35,31,0.2616,-0.4122,0.0374,6392
06/19/2020,INTC200619C00067500,3.2,-0.25,3.4,3.5,38,0.2469,0.4834,0.0405,4629,67.500,INTC200619P00067500,4.62,0,4.45,4.6,0,0.255,-0.5091,0.0393,2326
06/19/2020,INTC200619C00070000,2.38,-0.04,2.41,2.48,103,0.2407,0.3825,0.0399,50517,70.000,INTC200619P00070000,6.4,0.3,5.95,6.05,7,0.2523,-0.6045,0.0382,261
06/19/2020,INTC200619C00072500,1.56,-0.08,1.62,1.7,21,0.2371,0.2903,0.0363,1543,72.500,INTC200619P00072500,9.72,0,7.65,7.75,0,0.2519,-0.6905,0.035,10
06/19/2020,INTC200619C00075000,1.04,-0.04,1.05,1.11,61,0.2342,0.2109,0.0311,1970,75.000,INTC200619P00075000,9.05,0,9.25,10.15,0,0.2503,-0.7662,0.0304,54
06/19/2020,INTC200619C00077500,0.73,0,0.67,0.72,0,0.2333,0.1485,0.025,37,77.500,INTC200619P00077500,11.85,0,11.3,12.3,0,0.2539,-0.8231,0.0253,8
06/19/2020,INTC200619C00080000,0.42,-0.02,0.42,0.46,1,0.2334,0.1022,0.0193,8277,80.000,INTC200619P00080000,0,0,13.6,14.45,0,0.2636,-0.8609,0.0206,0
06/19/2020,INTC200619C00085000,0.18,-0.015,0.17,0.22,72,0.2362,0.0462,0.0103,417,85.000,INTC200619P00085000,25.05,0,18.45,19.1,0,0.2811,-0.9125,0.0136,1
07/17/2020,INTC200717C00030000,37.15,0,36.2,36.7,0,0.02,1,0.0013,4,30.000,INTC200717P00030000,0.06,0,0.01,0.05,0,0.488,-0.0041,0.0006,3
07/17/2020,INTC200717C00035000,0,0,31.2,31.85,0,0.02,1,0.0021,0,35.000,INTC200717P00035000,0.05,0,0.03,0.08,0,0.4344,-0.0084,0.0012,126
07/17/2020,INTC200717C00040000,26.8,0,26.25,26.9,0,0.3645,0.9823,0.002,5,40.000,INTC200717P00040000,0.13,0.01,0.08,0.14,6,0.3907,-0.0175,0.0025,91
07/17/2020,INTC200717C00045000,23.19,0,21.3,22.1,0,0.3268,0.9678,0.0044,19,45.000,INTC200717P00045000,0.21,0,0.21,0.25,0,0.3541,-0.0363,0.0051,2173
07/17/2020,INTC200717C00050000,16.3,-0.575,16.55,17.35,2,0.3107,0.9278,0.0096,70,50.000,INTC200717P00050000,0.5,0.015,0.44,0.48,8,0.3196,-0.0716,0.0098,1470
07/17/2020,INTC200717C00052500,14.2,0,14.1,15.15,0,0.2851,0.9074,0.0127,40,52.500,INTC200717P00052500,0.71,0.015,0.64,0.69,5,0.3038,-0.0993,0.0131,4270
07/17/2020,INTC200717C00055000,13.05,0,11.95,12.9,0,0.281,0.864,0.0173,189,55.000,INTC200717P00055000,1.02,0.025,0.92,0.98,19,0.2915,-0.1379,0.0173,9131
07/17/2020,INTC200717C00057500,10.72,0,10.05,10.45,0,0.2713,0.8128,0.0222,2568,57.500,INTC200717P00057500,1.48,0.075,1.32,1.39,20,0.2802,-0.1882,0.022,4488
07/17/2020,INTC200717C00060000,8,-0.35,8.05,8.9,80,0.2609,0.7496,0.0275,1258,60.000,INTC200717P00060000,2.12,0.145,1.87,1.96,6,0.271,-0.2513,0.0269,1245
07/17/2020,INTC200717C00062500,7.2,0,6.6,6.7,0,0.2527,0.6726,0.0324,2479,62.500,INTC200717P00062500,2.64,0,2.59,2.71,0,0.2632,-0.3265,0.0313,259
07/17/2020,INTC200717C00065000,5,-0.075,5.05,5.2,36,0.2476,0.5846,0.0358,6660,65.000,INTC200717P00065000,3.9,0.2,3.55,3.7,5,0.2572,-0.4108,0.0345,262
07/17/2020,INTC200717C00067500,3.8,0,3.8,3.85,5,0.2423,0.4919,0.0375,1230,67.500,INTC200717P00067500,5.18,0.28,4.75,4.9,20,0.251,-0.5003,0.0362,194
07/17/2020,INTC200717C00070000,2.67,-0.075,2.74,2.8,37,0.2366,0.3988,0.0372,2063,70.000,INTC200717P00070000,6.4,0,6.1,6.35,0,0.2467,-0.5898,0.0358,70
07/17/2020,INTC200717C00072500,1.73,-0.2,1.91,1.99,7,0.233,0.3112,0.0346,219,72.500,INTC200717P00072500,0,0,7.8,8.05,0,0.245,-0.6721,0.0334,0
07/17/2020,INTC200717C00075000,1.16,-0.17,1.3,1.35,12,0.2296,0.2343,0.0305,2096,75.000,INTC200717P00075000,9.25,0,9.35,10.1,0,0.2464,-0.7418,0.0296,37
07/17/2020,INTC200717C00077500,0.9,0,0.87,0.92,0,0.2284,0.1718,0.0255,176,77.500,INTC200717P00077500,0,0,11.65,12.35,0,0.249,-0.7988,0.0254,0
07/17/2020,INTC200717C00080000,0.55,-0.045,0.57,0.63,2,0.2284,0.1234,0.0204,992,80.000,INTC200717P00080000,0,0,13.75,14.6,0,0.2528,-0.844,0.0212,0
07/17/2020,INTC200717C00085000,0.25,-0.02,0.25,0.3,5,0.2313,0.0617,0.012,157,85.000,INTC200717P00085000,0,0,18.45,19.15,0,0.2759,-0.8917,0.0149,0
09/18/2020,INTC200918C00023000,28.53,0,43.1,43.7,0,0.02,1,0.0018,0,23.000,INTC200918P00023000,0.03,0,0,0.05,0,0.5267,-0.0026,0.0003,1016
09/18/2020,INTC200918C00025000,42.33,0,41.15,41.7,0,0.02,1,0.002,7,25.000,INTC200918P00025000,0.03,0,0.01,0.05,0,0.5009,-0.0034,0.0004,108
09/18/2020,INTC200918C00030000,37.4,0,36.15,36.8,0,0.02,1,0.0026,15,30.000,INTC200918P00030000,0.08,0,0.04,0.08,0,0.4476,-0.007,0.0008,795
09/18/2020,INTC200918C00035000,32.35,0,31.2,31.9,0,0.5455,0.9489,0.0032,7,35.000,INTC200918P00035000,0.11,0,0.12,0.14,0,0.4118,-0.0153,0.0018,2378
09/18/2020,INTC200918C00040000,26.04,-0.585,26.35,26.95,1,0.4231,0.9474,0.0042,19,40.000,INTC200918P00040000,0.25,0.005,0.21,0.24,10,0.3701,-0.0282,0.0034,4331
09/18/2020,INTC200918C00045000,21.54,0,21.35,22.35,0,0.3405,0.937,0.0062,319,45.000,INTC200918P00045000,0.47,0.01,0.41,0.46,10,0.34,-0.0538,0.0062,3843
09/18/2020,INTC200918C00050000,16.65,-0.5,16.7,17.65,112,0.3073,0.8964,0.0106,1305,50.000,INTC200918P00050000,0.85,0,0.8,0.85,0,0.314,-0.0985,0.0107,2894
09/18/2020,INTC200918C00052500,14.38,-0.545,14.5,15.5,4,0.2943,0.8655,0.0136,845,52.500,INTC200918P00052500,1.24,0.07,1.1,1.16,5,0.3035,-0.1314,0.0136,977
09/18/2020,INTC200918C00055000,12.37,-0.48,12.3,13.55,5,0.2838,0.8254,0.0169,1706,55.000,INTC200918P00055000,1.59,0.015,1.49,1.56,3,0.2932,-0.1717,0.0168,1280
09/18/2020,INTC200918C00057500,10.85,-0.05,10.4,11.35,5,0.2761,0.7752,0.0205,2297,57.500,INTC200918P00057500,2.01,0,2.02,2.1,0,0.2846,-0.221,0.0201,1973
09/18/2020,INTC200918C00060000,9.27,0,8.9,9.55,0,0.2694,0.7161,0.0239,3204,60.000,INTC200918P00060000,2.87,0.09,2.67,2.77,10,0.2769,-0.2784,0.0234,3158
09/18/2020,INTC200918C00062500,7.35,-0.075,7.4,7.55,20,0.2626,0.6497,0.0269,5825,62.500,INTC200918P00062500,3.35,0,3.5,3.6,0,0.2688,-0.343,0.0263,519
09/18/2020,INTC200918C00065000,5.59,-0.36,5.95,6.05,28,0.2556,0.5775,0.0293,9767,65.000,INTC200918P00065000,4.5,0,4.5,4.65,0,0.2639,-0.4137,0.0284,1562
09/18/2020,INTC200918C00067500,4.76,0,4.65,4.8,0,0.2499,0.5013,0.0306,814,67.500,INTC200918P00067500,5.7,0,5.7,5.9,0,0.2597,-0.4873,0.0295,452
09/18/2020,INTC200918C00070000,3.64,-0.01,3.6,3.7,10,0.2473,0.4262,0.0305,1924,70.000,INTC200918P00070000,7.2,0,7.15,7.3,0,0.256,-0.5599,0.0295,250
09/18/2020,INTC200918C00072500,2.55,-0.195,2.74,2.83,5,0.2425,0.3529,0.0295,640,72.500,INTC200918P00072500,0,0,8.75,8.9,0,0.2536,-0.6293,0.0284,0
09/18/2020,INTC200918C00075000,2.06,0.01,2.04,2.13,32,0.2401,0.2863,0.0273,13275,75.000,INTC200918P00075000,10.2,0,10.4,10.7,0,0.2508,-0.6938,0.0266,140
09/18/2020,INTC200918C00077500,1.51,0,1.5,1.57,0,0.2381,0.2276,0.0244,86,77.500,INTC200918P00077500,12.08,0,11.9,13.25,0,0.25,-0.7501,0.024,2
09/18/2020,INTC200918C00080000,1.1,-0.01,1.08,1.14,1,0.2367,0.1778,0.0212,37722,80.000,INTC200918P00080000,0,0,14.1,15.25,0,0.2534,-0.7936,0.0211,0
09/18/2020,INTC200918C00085000,0.58,-0.005,0.56,0.62,5062,0.2369,0.1056,0.0149,39637,85.000,INTC200918P00085000,0,0,18.7,19.6,0,0.2629,-0.8575,0.0158,0
01/15/2021,INTC210115C00023000,42.96,-0.415,43.1,43.8,1,0.02,1,0.0017,17,23.000,INTC210115P00023000,0.05,0,0.04,0.06,0,0.4617,-0.0046,0.0004,1682
01/15/2021,INTC210115C00025000,42.45,0,41.1,41.85,0,0.02,1,0.002,20,25.000,INTC210115P00025000,0.08,0,0.06,0.09,0,0.4479,-0.0065,0.0006,600
01/15/2021,INTC210115C00028000,39.04,0,38.2,38.9,0,0.02,1,0.0024,18,28.000,INTC210115P00028000,0.13,0,0.1,0.13,0,0.4252,-0.0103,0.001,389
01/15/2021,INTC210115C00030000,37.18,0,36.1,36.85,0,0.02,1,0.0026,176,30.000,INTC210115P00030000,0.13,0,0.13,0.17,0,0.4137,-0.014,0.0013,3595
01/15/2021,INTC210115C00033000,34.23,0,33.15,33.9,0,0.4937,0.9436,0.0029,57,33.000,INTC210115P00033000,0.21,0,0.2,0.24,0,0.3926,-0.0206,0.002,2128
01/15/2021,INTC210115C00035000,31.2,-0.4,31.2,31.85,4,0.4472,0.943,0.0032,830,35.000,INTC210115P00035000,0.3,0,0.26,0.3,0,0.3803,-0.0265,0.0025,6104
01/15/2021,INTC210115C00038000,29.3,0,28.4,29.05,0,0.3891,0.9406,0.0039,912,38.000,INTC210115P00038000,0.44,0,0.38,0.42,0,0.3621,-0.0376,0.0035,8787
01/15/2021,INTC210115C00040000,26.63,-0.195,26.45,27.1,1,0.3629,0.9354,0.0045,1465,40.000,INTC210115P00040000,0.52,-0.01,0.49,0.52,92,0.3504,-0.0469,0.0043,28408
01/15/2021,INTC210115C00043000,23.87,0,23.65,24.3,0,0.3348,0.922,0.0059,688,43.000,INTC210115P00043000,0.73,-0.01,0.69,0.72,4,0.3371,-0.066,0.0059,15793
01/15/2021,INTC210115C00045000,22,-0.125,21.8,22.35,6,0.3187,0.9102,0.007,2915,45.000,INTC210115P00045000,0.93,0.015,0.86,0.89,10,0.3273,-0.081,0.0071,25666
01/15/2021,INTC210115C00047000,19.75,-0.625,19.9,20.6,1,0.3119,0.8915,0.0085,4015,47.000,INTC210115P00047000,1.14,0,1.06,1.1,0,0.3203,-0.0999,0.0085,6818
01/15/2021,INTC210115C00050000,17.65,-0.05,17.3,17.9,17,0.2987,0.8593,0.0109,7693,50.000,INTC210115P00050000,1.59,0.055,1.46,1.54,12,0.3077,-0.1326,0.0108,12176
01/15/2021,INTC210115C00052500,15.2,-0.525,15.25,16.05,1,0.2896,0.8262,0.0131,5045,52.500,INTC210115P00052500,2.05,0.085,1.89,1.98,12,0.2991,-0.1663,0.013,7037
01/15/2021,INTC210115C00055000,13.6,-0.15,13.15,14.15,30,0.2838,0.7854,0.0154,3951,55.000,INTC210115P00055000,2.58,0.075,2.42,2.52,31,0.2909,-0.2052,0.0152,4529
01/15/2021,INTC210115C00057500,11.6,-0.35,11.35,12.05,6,0.2766,0.7405,0.0177,10513,57.500,INTC210115P00057500,3.2,0.05,3.05,3.15,1,0.2838,-0.2498,0.0174,5584
01/15/2021,INTC210115C00060000,9.9,-0.325,10.1,10.35,21,0.2702,0.6899,0.0198,14834,60.000,INTC210115P00060000,3.98,0.03,3.8,3.95,40,0.2768,-0.299,0.0194,4427
01/15/2021,INTC210115C00062500,8.65,-0.025,8.65,8.8,15,0.2654,0.6349,0.0216,4662,62.500,INTC210115P00062500,4.85,-0.025,4.75,4.85,10,0.2707,-0.3529,0.0212,5566
01/15/2021,INTC210115C00065000,6.9,-0.375,7.25,7.4,150,0.2602,0.5768,0.0231,14237,65.000,INTC210115P00065000,6.15,0.2,5.8,5.95,48,0.2664,-0.4097,0.0225,2260
01/15/2021,INTC210115C00067500,5.95,-0.1,6,6.15,455,0.2562,0.5171,0.0239,7186,67.500,INTC210115P00067500,7.44,0.265,7.05,7.2,341,0.2624,-0.468,0.0234,2789
01/15/2021,INTC210115C00070000,4.8,-0.15,4.95,5.05,25,0.2515,0.4568,0.0243,15429,70.000,INTC210115P00070000,8.76,0.185,8.45,8.6,1,0.2588,-0.5262,0.0237,1165
01/15/2021,INTC210115C00072500,4.05,0.05,4,4.15,19,0.2481,0.3983,0.024,1572,72.500,INTC210115P00072500,10.4,0.325,9.95,10.1,1,0.2557,-0.5832,0.0234,316
01/15/2021,INTC210115C00075000,3.2,0,3.2,3.3,54,0.2456,0.3429,0.0232,8100,75.000,INTC210115P00075000,11.3,0,11.65,11.8,0,0.2524,-0.6379,0.0227,495
01/15/2021,INTC210115C00077500,2.64,0,2.54,2.62,0,0.2428,0.2909,0.0219,516,77.500,INTC210115P00077500,15.75,0,13.45,13.65,0,0.251,-0.6872,0.0214,11
01/15/2021,INTC210115C00080000,1.88,-0.14,2.01,2.08,134,0.2405,0.2439,0.0202,3114,80.000,INTC210115P00080000,15.05,0,15.4,15.6,0,0.2502,-0.7318,0.0199,217
01/15/2021,INTC210115C00085000,1.17,-0.065,1.22,1.28,25,0.2371,0.1659,0.0163,2152,85.000,INTC210115P00085000,19.4,0,19.25,20,0,0.251,-0.8041,0.0164,4
01/15/2021,INTC210115C00090000,0.7,-0.055,0.74,0.79,20,0.2364,0.1106,0.0124,656,90.000,INTC210115P00090000,0,0,23.85,24.45,0,0.261,-0.8484,0.0132,0
01/15/2021,INTC210115C00095000,0.45,-0.015,0.45,0.51,1,0.2379,0.0736,0.0091,273,95.000,INTC210115P00095000,0,0,28.55,29.25,0,0.2743,-0.8767,0.0107,0
01/21/2022,INTC220121C00025000,41.86,0,40.75,42.2,0,0.02,1,0.002,113,25.000,INTC220121P00025000,0.34,0,0.06,0.58,0,0.3882,-0.019,0.0013,386
01/21/2022,INTC220121C00030000,37.4,0,35.85,37.4,0,0.02,1,0.0028,39,30.000,INTC220121P00030000,0.57,0,0.19,0.89,0,0.361,-0.0336,0.0022,385
01/21/2022,INTC220121C00035000,31.7,0,31.05,32.7,0,0.3769,0.8974,0.0038,165,35.000,INTC220121P00035000,1.02,0,0.81,1.24,0,0.3386,-0.0556,0.0035,564
01/21/2022,INTC220121C00040000,26.87,-0.43,26.4,28.25,3,0.3306,0.8749,0.0053,704,40.000,INTC220121P00040000,1.5,0.03,1.45,1.98,11,0.3216,-0.0875,0.0053,2756
01/21/2022,INTC220121C00045000,22.6,-0.5,22.75,23.45,1,0.3102,0.8348,0.0073,624,45.000,INTC220121P00045000,2.25,-0.01,1.93,2.4,5,0.3046,-0.1288,0.0074,2838
01/21/2022,INTC220121C00050000,18.76,-0.515,18.6,20.1,6,0.2935,0.7831,0.0096,1292,50.000,INTC220121P00050000,3.35,-0.025,3,4.05,1,0.2926,-0.1827,0.0096,1286
01/21/2022,INTC220121C00052500,17.79,0,16.5,18.3,0,0.2888,0.7521,0.0107,753,52.500,INTC220121P00052500,4.05,0,3.95,4.15,0,0.2878,-0.2138,0.0108,1646
01/21/2022,INTC220121C00055000,15.37,-0.38,15.5,16.65,10,0.284,0.7187,0.0118,518,55.000,INTC220121P00055000,4.85,0,4.1,5.6,1,0.2844,-0.2476,0.0118,1066
01/21/2022,INTC220121C00057500,13.6,-0.6,13.2,15.1,12,0.276,0.6841,0.013,3187,57.500,INTC220121P00057500,5.75,0,5.35,6.4,0,0.2772,-0.2823,0.0129,796
01/21/2022,INTC220121C00060000,12.8,0.1,12.5,13.7,9,0.2749,0.6466,0.0137,962,60.000,INTC220121P00060000,6.7,0,6,7.4,0,0.2743,-0.3197,0.0138,1476
01/21/2022,INTC220121C00062500,11.57,0,10.4,12.3,0,0.2695,0.608,0.0146,336,62.500,INTC220121P00062500,8.14,0,6.95,8.55,0,0.2716,-0.358,0.0145,67
01/21/2022,INTC220121C00065000,9.75,-0.375,9.15,10.6,19,0.2656,0.5686,0.0153,1084,65.000,INTC220121P00065000,8.7,0,8.15,9.75,0,0.2669,-0.3973,0.0152,73
01/21/2022,INTC220121C00067500,8.93,0.03,8.1,9.9,3,0.2639,0.5293,0.0157,286,67.500,INTC220121P00067500,10.35,0,9.3,11.05,0,0.2638,-0.4368,0.0157,9
01/21/2022,INTC220121C00070000,7.77,-0.205,7.6,8.65,15,0.263,0.4909,0.0158,847,70.000,INTC220121P00070000,11.63,0,10.7,12.5,0,0.2607,-0.4764,0.016,841
01/21/2022,INTC220121C00072500,6.92,0,6.8,7.9,0,0.2622,0.4537,0.0158,85,72.500,INTC220121P00072500,12,0,12.2,13.95,0,0.256,-0.5167,0.0162,15
01/21/2022,INTC220121C00075000,6.12,0,5.65,6.95,0,0.2592,0.4159,0.0158,4420,75.000,INTC220121P00075000,13.3,0,13.6,15.65,0,0.2536,-0.5548,0.0161,2
01/21/2022,INTC220121C00077500,5.2,-0.15,5.2,6.3,3,0.2575,0.3802,0.0156,218,77.500,INTC220121P00077500,16.89,0,15.3,17.35,0,0.2518,-0.5913,0.0159,5
01/21/2022,INTC220121C00080000,4.38,-0.22,3.65,4.75,1,0.2533,0.3437,0.0153,5108,80.000,INTC220121P00080000,18.11,0.035,17,19.1,20,0.2483,-0.6279,0.0156,21
01/21/2022,INTC220121C00085000,3.4,-0.25,3.3,3.7,12,0.2494,0.2794,0.0143,2206,85.000,INTC220121P00085000,25.5,0,20.65,22.9,0,0.243,-0.6946,0.0145,12
01/21/2022,INTC220121C00090000,2.65,0,2.02,2.98,0,0.2458,0.2233,0.0129,3618,90.000,INTC220121P00090000,24.3,0,24.65,27,0,0.2407,-0.7497,0.013,1
01/21/2022,INTC220121C00095000,1.65,0,1.51,2.73,0,0.2436,0.1767,0.0113,1,95.000,INTC220121P00095000,0,0,28.85,31.25,0,0.2349,-0.801,0.0113,0
01/21/2022,INTC220121C00100000,1.33,0,1.11,2.11,0,0.2419,0.1386,0.0098,33,100.000,INTC220121P00100000,0,0,33.35,35.65,0,0.2387,-0.8316,0.0097,0
