MSFT (Microsoft Corporation),188.74,2.5498
Feb 11 2020 @ 08:31 ET,Bid,191.23,Ask,191.25,Size,18x19,Vol,35844267
Expiration Date,Calls,Last Sale,Net,Bid,Ask,Vol,IV,Delta,Gamma,Open Int,Strike,Puts,Last Sale,Net,Bid,Ask,Vol,IV,Delta,Gamma,Open Int
02/14/2020,MSFT200214C00115000,72,2.95,73.5,73.95,7,0.02,1,0.0002,13,115.000,MSFT200214P00115000,0,0,0,0.04,0,1.6885,-0.002,0.0002,0
02/14/2020,MSFT200214C00120000,53.5,0,68.5,69,0,0.02,0.9988,0.0001,14,120.000,MSFT200214P00120000,0,0,0,0.04,0,1.5364,-0.002,0.0002,0
02/14/2020,MSFT200214C00125000,0,0,63.5,64,0,0.02,0.9987,0.0002,0,125.000,MSFT200214P00125000,0.07,0,0,0.04,0,1.4312,-0.0024,0.0003,3
02/14/2020,MSFT200214C00126000,56.79,0,62.15,62.95,0,0.02,1,0.0004,1,126.000,MSFT200214P00126000,0.05,0,0,0.04,0,1.4002,-0.0024,0.0003,5
02/14/2020,MSFT200214C00127000,0,0,61.55,61.9,0,0.02,1,0.0004,0,127.000,MSFT200214P00127000,0.05,0,0,0.04,0,1.376,-0.0025,0.0003,2
02/14/2020,MSFT200214C00128000,0,0,60.55,60.9,0,0.02,1,0.0004,0,128.000,MSFT200214P00128000,0,0,0,0.04,0,1.3135,-0.002,0.0002,0
02/14/2020,MSFT200214C00129000,37.2,0,59.55,59.9,0,0.02,1,0.0004,2,129.000,MSFT200214P00129000,0.08,0,0,0.04,0,1.2808,-0.0019,0.0002,2
02/14/2020,MSFT200214C00130000,49.25,0,58.55,58.9,0,0.02,1,0.0006,25,130.000,MSFT200214P00130000,0.09,0,0,0.04,0,1.251,-0.0019,0.0002,22
02/14/2020,MSFT200214C00131000,0,0,57.55,57.9,0,0.02,1,0.0007,0,131.000,MSFT200214P00131000,0.09,0,0,0.02,0,1.1885,-0.0014,0.0002,1
02/14/2020,MSFT200214C00132000,52.05,0,56.55,57.35,0,0.02,0.9832,0.0013,2,132.000,MSFT200214P00132000,0.1,0,0,0.03,0,1.2146,-0.0021,0.0003,1
02/14/2020,MSFT200214C00133000,0,0,55.55,55.9,0,0.02,1,0.0006,0,133.000,MSFT200214P00133000,0,0,0,0.03,0,1.1885,-0.0021,0.0003,0
02/14/2020,MSFT200214C00134000,0,0,54.55,54.9,0,0.02,1,0.0006,0,134.000,MSFT200214P00134000,0,0,0,0.03,0,1.1798,-0.0024,0.0003,0
02/14/2020,MSFT200214C00135000,32.47,0,53.55,53.9,0,0.02,1,0.0006,269,135.000,MSFT200214P00135000,0.14,0,0,0.03,0,1.126,-0.0019,0.0003,801
02/14/2020,MSFT200214C00136000,0,0,51.9,52.95,0,0.02,1,0.0006,0,136.000,MSFT200214P00136000,0.04,0,0,0.03,0,1.126,-0.0023,0.0003,1
02/14/2020,MSFT200214C00137000,50.65,3.625,51.55,51.95,2,0.02,0.9988,0.0002,2,137.000,MSFT200214P00137000,0,0,0,0.03,0,1.0635,-0.0017,0.0003,0
02/14/2020,MSFT200214C00138000,46.32,0,50.55,50.9,0,0.02,1,0.0024,4,138.000,MSFT200214P00138000,0.14,0,0,0.03,0,1.0094,-0.0013,0.0002,3
02/14/2020,MSFT200214C00139000,28.7,0,49.55,49.95,0,0.02,0.9985,0.0002,1,139.000,MSFT200214P00139000,0.01,-0.005,0,0.01,10,0.9685,-0.0011,0.0002,20
02/14/2020,MSFT200214C00140000,30.42,0,48.55,48.95,0,0.02,0.9986,0.0002,112,140.000,MSFT200214P00140000,0.02,0,0,0.03,0,1.0113,-0.0021,0.0003,40
02/14/2020,MSFT200214C00141000,27.6,0,47.55,48,0,0.02,0.9952,0.0006,1,141.000,MSFT200214P00141000,0.02,0,0,0.05,0,1.001,-0.0024,0.0004,40
02/14/2020,MSFT200214C00142000,41.1,0,46.55,47,0,0.02,0.9952,0.0007,5,142.000,MSFT200214P00142000,0.05,0,0,0.01,0,0.8475,-0.0006,0.0001,49
02/14/2020,MSFT200214C00143000,0,0,45.55,46,0,0.02,0.9954,0.0007,0,143.000,MSFT200214P00143000,0.01,0,0,0.04,0,0.9587,-0.0025,0.0004,226
02/14/2020,MSFT200214C00144000,42.7,2.65,44.55,45,9,0.02,0.9949,0.0007,5,144.000,MSFT200214P00144000,0.04,0,0,0.05,0,0.9416,-0.0027,0.0004,18
02/14/2020,MSFT200214C00145000,42.25,3.175,43.55,44,1,0.02,0.995,0.0007,35,145.000,MSFT200214P00145000,0.02,0,0,0.03,0,0.9054,-0.0024,0.0004,168
02/14/2020,MSFT200214C00146000,37.2,0,42.55,43.35,0,0.02,0.9784,0.0021,4,146.000,MSFT200214P00146000,0.04,0,0,0.04,0,0.8933,-0.0027,0.0005,760
02/14/2020,MSFT200214C00147000,41.25,4.175,41.55,42,23,0.02,0.9946,0.0008,299,147.000,MSFT200214P00147000,0.01,0,0,0.04,0,0.8716,-0.0028,0.0005,1463
02/14/2020,MSFT200214C00148000,37.6,1.45,40.55,41.35,5,0.02,0.9775,0.0023,21,148.000,MSFT200214P00148000,0.05,0,0,0.01,0,0.7456,-0.0008,0.0002,2148
02/14/2020,MSFT200214C00149000,39.16,4.035,38.9,39.95,3,0.02,1,0.001,9,149.000,MSFT200214P00149000,0.02,0.005,0,0.04,3,0.8207,-0.0027,0.0005,88
02/14/2020,MSFT200214C00150000,37.67,3.545,38.55,38.95,6,0.02,0.9986,0.0003,262,150.000,MSFT200214P00150000,0.02,-0.005,0,0.03,243,0.7413,-0.0014,0.0003,834
02/14/2020,MSFT200214C00152500,32.7,0,36.05,36.45,0,0.02,0.9986,0.0003,123,152.500,MSFT200214P00152500,0.01,-0.015,0,0.03,30,0.7249,-0.0023,0.0005,991
02/14/2020,MSFT200214C00155000,33.07,3.995,33.55,33.9,12,0.02,1,0.0011,183,155.000,MSFT200214P00155000,0.01,-0.025,0,0.01,1278,0.6036,-0.0009,0.0002,1843
02/14/2020,MSFT200214C00157500,29.65,3.075,31.05,31.4,31,0.02,1,0.0019,363,157.500,MSFT200214P00157500,0.01,-0.04,0.01,0.02,237,0.6465,-0.0035,0.0008,937
02/14/2020,MSFT200214C00160000,27.7,3.6,28.55,29.4,50,0.02,0.9673,0.0042,809,160.000,MSFT200214P00160000,0.02,-0.035,0.01,0.02,206,0.5944,-0.0037,0.0009,1404
02/14/2020,MSFT200214C00162500,25.65,3.975,26.05,26.55,33,0.02,0.9878,0.0025,1177,162.500,MSFT200214P00162500,0.02,-0.06,0.01,0.03,126,0.5627,-0.0052,0.0013,2082
02/14/2020,MSFT200214C00165000,23,3.875,23.6,24.25,30,0.02,0.9682,0.0051,2023,165.000,MSFT200214P00165000,0.03,-0.05,0.02,0.05,131,0.5309,-0.0074,0.0019,1245
02/14/2020,MSFT200214C00167500,21.2,4.525,21.1,21.95,122,0.02,0.9525,0.0072,4759,167.500,MSFT200214P00167500,0.04,-0.065,0.02,0.05,973,0.4868,-0.0091,0.0025,2270
02/14/2020,MSFT200214C00170000,18.3,4.1,18.6,19.05,725,0.02,0.9792,0.0051,2227,170.000,MSFT200214P00170000,0.05,-0.1,0.04,0.05,2020,0.4582,-0.014,0.0039,3655
02/14/2020,MSFT200214C00172500,16.31,4.56,16.1,16.45,131,0.02,0.9891,0.0038,2703,172.500,MSFT200214P00172500,0.06,-0.155,0.05,0.07,2385,0.413,-0.018,0.0054,5086
02/14/2020,MSFT200214C00175000,13.9,4.475,13.65,14.5,763,0.02,0.9277,0.0138,2593,175.000,MSFT200214P00175000,0.08,-0.26,0.08,0.09,3721,0.3832,-0.0288,0.0087,5190
02/14/2020,MSFT200214C00177500,11.4,4.25,11.2,11.75,1386,0.02,0.9344,0.0164,3193,177.500,MSFT200214P00177500,0.14,-0.44,0.13,0.15,5467,0.3566,-0.0486,0.0143,5798
02/14/2020,MSFT200214C00180000,9,3.925,8.8,9.5,3774,0.02,0.8899,0.0253,6803,180.000,MSFT200214P00180000,0.25,-0.78,0.24,0.25,7618,0.3372,-0.0873,0.0237,8197
02/14/2020,MSFT200214C00182500,6.72,3.345,6.6,6.85,7087,0.02,1,0.0374,3649,182.500,MSFT200214P00182500,0.5,-1.325,0.49,0.5,7708,0.33,-0.1615,0.0374,5678
02/14/2020,MSFT200214C00185000,4.7,2.615,4.7,4.85,18103,0.2231,0.8071,0.0619,8821,185.000,MSFT200214P00185000,0.99,-2.06,0.95,0.99,12312,0.3303,-0.2757,0.051,6238
02/14/2020,MSFT200214C00187500,3.15,1.89,3.05,3.15,20483,0.2632,0.6002,0.074,8214,187.500,MSFT200214P00187500,1.86,-2.84,1.8,1.88,5628,0.3442,-0.42,0.0573,2646
02/14/2020,MSFT200214C00190000,1.9,1.13,1.9,2,48014,0.286,0.4189,0.0689,15356,190.000,MSFT200214P00190000,3.2,-3.525,3.15,3.25,2525,0.3694,-0.5598,0.0538,934
02/14/2020,MSFT200214C00192500,1.2,0.715,1.2,1.23,11373,0.3114,0.2794,0.0544,5124,192.500,MSFT200214P00192500,5,-3.95,4.85,5.1,344,0.4013,-0.6719,0.0454,344
02/14/2020,MSFT200214C00195000,0.76,0.415,0.74,0.79,9437,0.3385,0.1846,0.0397,4261,195.000,MSFT200214P00195000,7.1,-4.25,6.9,7.05,237,0.4429,-0.7506,0.0361,169
02/14/2020,MSFT200214C00197500,0.5,0.245,0.44,0.51,2798,0.3668,0.1238,0.0281,2015,197.500,MSFT200214P00197500,11.2,-2.5,8.7,9.75,1,0.4836,-0.8068,0.0286,12
02/14/2020,MSFT200214C00200000,0.34,0.135,0.32,0.35,6718,0.3953,0.0849,0.0198,4328,200.000,MSFT200214P00200000,11.55,-4.6,11.35,11.65,91,0.549,-0.8351,0.0228,77
02/14/2020,MSFT200214C00202500,0.25,0.09,0.24,0.25,1039,0.429,0.0621,0.0144,1049,202.500,MSFT200214P00202500,16.15,-2.475,13.8,14.1,47,0.6128,-0.8553,0.0187,61
02/14/2020,MSFT200214C00205000,0.18,0.045,0.16,0.19,3188,0.4572,0.0451,0.0105,3132,205.000,MSFT200214P00205000,17.22,-3.88,16.25,16.55,90,0.6657,-0.874,0.0157,146
02/14/2020,MSFT200214C00210000,0.1,0.015,0.1,0.11,581,0.5058,0.0238,0.0056,2697,210.000,MSFT200214P00210000,27.15,0,20.75,22.05,0,0.8042,-0.8887,0.0119,20
02/14/2020,MSFT200214C00215000,0.06,-0.005,0.04,0.06,1966,0.5571,0.0141,0.0032,5259,215.000,MSFT200214P00215000,26.55,-4.525,26.1,26.45,18,0.8985,-0.9085,0.0092,35
02/14/2020,MSFT200214C00220000,0.03,0.03,0.01,0.03,621,0.5841,0.0069,0.0017,573,220.000,MSFT200214P00220000,31.55,31.55,31,32.05,4,1.0052,-0.9188,0.0075,3
02/14/2020,MSFT200214C00225000,0.02,0.02,0.01,0.02,1561,0.6252,0.0041,0.001,1373,225.000,MSFT200214P00225000,0,0,36,37.05,0,1.1144,-0.9252,0.0064,0
02/21/2020,MSFT200221C00075000,111.65,2.65,113.55,114,4,0.02,0.9415,0.0008,47,75.000,MSFT200221P00075000,0,0,0,0.02,0,1.78,-0.0009,0.0001,0
02/21/2020,MSFT200221C00080000,90.25,0,108.55,108.9,0,0.02,0.9978,0.0009,200,80.000,MSFT200221P00080000,0.01,0,0,0.03,0,1.6666,-0.001,0.0001,75
02/21/2020,MSFT200221C00085000,99.85,0,103.55,104,0,0.02,0.9428,0.001,10,85.000,MSFT200221P00085000,0.01,0,0,0.03,0,1.501,-0.0007,0.0001,902
02/21/2020,MSFT200221C00090000,81.2,0,98.55,98.9,0,0.02,0.9978,0.001,24,90.000,MSFT200221P00090000,0.01,0,0,0.02,0,1.376,-0.0007,0.0001,900
02/21/2020,MSFT200221C00095000,85.2,0,93.55,94,0,0.02,0.945,0.0011,13,95.000,MSFT200221P00095000,0.01,0,0,0.01,0,1.251,-0.0006,0,4089
02/21/2020,MSFT200221C00100000,88.02,3.995,88.55,88.9,20,0.02,0.9978,0.0012,67,100.000,MSFT200221P00100000,0.01,0,0,0.01,0,1.126,-0.0004,0,2312
02/21/2020,MSFT200221C00105000,60.59,0,83.55,83.9,0,0.02,0.9978,0.0013,14,105.000,MSFT200221P00105000,0.01,0,0,0.01,0,1.0635,-0.0006,0.0001,1832
02/21/2020,MSFT200221C00110000,72.95,0,78.55,78.9,0,0.02,0.9978,0.0015,176,110.000,MSFT200221P00110000,0.01,0,0,0.01,0,0.9899,-0.0007,0.0001,4371
02/21/2020,MSFT200221C00115000,56.1,0,72.9,74.35,0,0.02,1,0.0016,225,115.000,MSFT200221P00115000,0.01,0.005,0,0.01,35,0.9249,-0.0008,0.0001,956
02/21/2020,MSFT200221C00120000,48.34,0,68.55,68.95,0,0.02,0.9521,0.0017,154,120.000,MSFT200221P00120000,0.02,0,0,0.03,0,0.906,-0.0016,0.0002,918
02/21/2020,MSFT200221C00125000,55.12,0,63.55,63.95,0,0.02,0.9535,0.0019,175,125.000,MSFT200221P00125000,0.02,0,0,0.01,0,0.8361,-0.0019,0.0002,1814
02/21/2020,MSFT200221C00130000,57.07,3.07,58.55,59,10,0.02,0.9539,0.0021,779,130.000,MSFT200221P00130000,0.01,-0.005,0,0.01,50,0.6696,-0.0006,0.0001,4669
02/21/2020,MSFT200221C00135000,52.91,3.86,53.55,53.95,41,0.02,0.9557,0.0023,205,135.000,MSFT200221P00135000,0.02,-0.005,0.01,0.02,11,0.6797,-0.002,0.0003,5649
02/21/2020,MSFT200221C00140000,47.15,3.075,48.55,49,22,0.02,0.9557,0.0026,1313,140.000,MSFT200221P00140000,0.03,-0.005,0.01,0.03,215,0.632,-0.0029,0.0004,5657
02/21/2020,MSFT200221C00145000,42.71,3.61,43.6,43.95,122,0.02,0.9562,0.003,1474,145.000,MSFT200221P00145000,0.03,-0.015,0.01,0.03,333,0.582,-0.0042,0.0006,9976
02/21/2020,MSFT200221C00150000,38.3,4.2,38.55,38.95,203,0.02,0.9578,0.0034,5547,150.000,MSFT200221P00150000,0.03,-0.035,0.03,0.04,677,0.5319,-0.006,0.001,10276
02/21/2020,MSFT200221C00152500,35.4,3.8,36.2,36.5,36,0.02,0.9517,0.0039,52,152.500,MSFT200221P00152500,0.04,-0.035,0.03,0.05,167,0.4975,-0.0064,0.0011,1258
02/21/2020,MSFT200221C00155000,33.19,4.115,33.55,34.55,39,0.02,0.9389,0.0048,7609,155.000,MSFT200221P00155000,0.05,-0.04,0.04,0.05,207,0.4783,-0.0084,0.0015,8020
02/21/2020,MSFT200221C00157500,30.77,4.07,29.85,31.5,8,0.02,1,0.0047,586,157.500,MSFT200221P00157500,0.06,-0.035,0.05,0.06,84,0.4541,-0.0105,0.0019,1303
02/21/2020,MSFT200221C00160000,28.71,4.56,28.65,29.1,501,0.02,0.9467,0.0054,12193,160.000,MSFT200221P00160000,0.06,-0.055,0.05,0.06,883,0.42,-0.0114,0.0022,8445
02/21/2020,MSFT200221C00162500,26.3,4.675,26.15,26.4,5,0.02,0.9545,0.0055,505,162.500,MSFT200221P00162500,0.06,-0.085,0.06,0.08,178,0.3963,-0.0146,0.0028,2588
02/21/2020,MSFT200221C00165000,23.75,4.575,23.7,24.1,202,0.02,0.9395,0.0071,15939,165.000,MSFT200221P00165000,0.1,-0.085,0.08,0.1,319,0.3724,-0.0187,0.0037,13054
02/21/2020,MSFT200221C00167500,21.4,4.675,21.2,21.65,35,0.02,0.933,0.0084,4176,167.500,MSFT200221P00167500,0.11,-0.145,0.1,0.12,1196,0.3465,-0.0237,0.0049,3625
02/21/2020,MSFT200221C00170000,19,4.725,18.7,19.15,527,0.02,0.928,0.0099,11571,170.000,MSFT200221P00170000,0.15,-0.205,0.14,0.17,1745,0.332,-0.0351,0.0071,9529
02/21/2020,MSFT200221C00172500,16.35,4.425,16.3,16.65,205,0.02,0.9151,0.0124,4170,172.500,MSFT200221P00172500,0.2,-0.315,0.2,0.22,730,0.3123,-0.0493,0.0099,3468
02/21/2020,MSFT200221C00175000,14,4.35,13.75,14.25,1123,0.02,0.9018,0.0156,7589,175.000,MSFT200221P00175000,0.32,-0.465,0.3,0.33,1663,0.2996,-0.0744,0.0143,4113
02/21/2020,MSFT200221C00177500,11.6,4.1,11.5,11.7,1173,0.02,0.8748,0.0205,2004,177.500,MSFT200221P00177500,0.5,-0.715,0.48,0.5,2659,0.2895,-0.113,0.0202,3767
02/21/2020,MSFT200221C00180000,9.35,3.725,9.25,9.45,3983,0.1976,0.9087,0.0249,9095,180.000,MSFT200221P00180000,0.78,-1.09,0.76,0.81,6513,0.2842,-0.1712,0.0272,5961
02/21/2020,MSFT200221C00182500,7.25,3.225,7.25,7.4,2213,0.2189,0.802,0.0385,5497,182.500,MSFT200221P00182500,1.28,-1.555,1.26,1.3,3919,0.2815,-0.2494,0.0343,3729
02/21/2020,MSFT200221C00185000,5.44,2.645,5.4,5.5,11402,0.2296,0.6815,0.0472,6760,185.000,MSFT200221P00185000,2,-2.125,1.95,2.04,5251,0.2829,-0.3457,0.0397,4036
02/21/2020,MSFT200221C00187500,3.9,2,3.9,4,9410,0.2375,0.5531,0.0506,4289,187.500,MSFT200221P00187500,3.05,-2.75,3,3.1,2900,0.2884,-0.451,0.0418,1700
02/21/2020,MSFT200221C00190000,2.77,1.485,2.75,2.81,16454,0.2453,0.4288,0.0487,9958,190.000,MSFT200221P00190000,4.45,-3.25,4.35,4.45,1408,0.2992,-0.5531,0.0402,851
02/21/2020,MSFT200221C00195000,1.32,0.68,1.32,1.35,7620,0.2691,0.2375,0.035,7352,195.000,MSFT200221P00195000,7.95,-4.1,7.9,8.05,100,0.3366,-0.7104,0.0308,474
02/21/2020,MSFT200221C00200000,0.68,0.3,0.69,0.7,9030,0.3016,0.1325,0.0216,7508,200.000,MSFT200221P00200000,12.4,-4.4,12.3,12.45,181,0.3915,-0.7989,0.0217,288
02/21/2020,MSFT200221C00205000,0.41,0.145,0.41,0.44,1513,0.338,0.0795,0.0133,1511,205.000,MSFT200221P00205000,18.1,-3.475,16.9,17.2,80,0.4546,-0.8464,0.0157,80
02/21/2020,MSFT200221C00210000,0.31,0.1,0.3,0.31,2080,0.3826,0.0549,0.0088,5860,210.000,MSFT200221P00210000,0,0,21.5,22.5,0,0.5131,-0.8775,0.0119,0
02/21/2020,MSFT200221C00215000,0.24,0.24,0.23,0.24,742,0.4251,0.04,0.0062,537,215.000,MSFT200221P00215000,28.65,28.65,25.95,27.2,6,0.5857,-0.8917,0.0095,2
02/21/2020,MSFT200221C00220000,0.2,0.2,0.17,0.19,124,0.4635,0.0297,0.0044,50,220.000,MSFT200221P00220000,33.64,33.64,31.25,32.3,3,0.6536,-0.9026,0.0079,1
02/21/2020,MSFT200221C00225000,0.14,0.14,0.13,0.15,1146,0.4998,0.0227,0.0033,1125,225.000,MSFT200221P00225000,0,0,36.3,37.45,0,0.7126,-0.9128,0.0067,0
02/21/2020,MSFT200221C00230000,0.11,0.11,0.1,0.12,721,0.5345,0.0178,0.0025,613,230.000,MSFT200221P00230000,0,0,41.3,42.3,0,0.7618,-0.9231,0.0056,0
02/21/2020,MSFT200221C00235000,0.09,0.09,0.08,0.1,174,0.5629,0.0135,0.0019,171,235.000,MSFT200221P00235000,0,0,46.4,47.1,0,0.8293,-0.926,0.005,0
02/21/2020,MSFT200221C00240000,0.08,0.08,0.07,0.1,191,0.5988,0.0115,0.0015,191,240.000,MSFT200221P00240000,0,0,51.4,52.05,0,0.8712,-0.934,0.0044,0
02/21/2020,MSFT200221C00245000,0.06,0.06,0.05,0.06,102,0.6193,0.0085,0.0011,102,245.000,MSFT200221P00245000,0,0,56.4,57,0,0.9342,-0.9357,0.004,0
02/21/2020,MSFT200221C00250000,0.04,0.04,0.04,0.05,803,0.6434,0.0067,0.0009,761,250.000,MSFT200221P00250000,0,0,61.45,62,0,0.9898,-0.9383,0.0036,0
02/28/2020,MSFT200228C00115000,70.4,0,73.55,73.95,0,0.02,0.9506,0.0016,24,115.000,MSFT200228P00115000,0,0,0,0.05,0,0.8089,-0.0023,0.0002,0
02/28/2020,MSFT200228C00120000,64.95,0,68.55,68.95,0,0.02,0.9519,0.0017,1,120.000,MSFT200228P00120000,0.04,0,0,0.05,0,0.7448,-0.0025,0.0002,35
02/28/2020,MSFT200228C00125000,38.55,0,63.55,63.95,0,0.02,0.9532,0.0019,0,125.000,MSFT200228P00125000,0.05,0,0,0.05,0,0.6699,-0.0023,0.0003,91
02/28/2020,MSFT200228C00130000,0,0,58.55,58.95,0,0.02,0.9545,0.0021,0,130.000,MSFT200228P00130000,0.03,0,0,0.05,0,0.5932,-0.002,0.0003,3
02/28/2020,MSFT200228C00135000,0,0,53.55,54,0,0.02,0.9547,0.0023,0,135.000,MSFT200228P00135000,0.11,0,0,0.05,0,0.5483,-0.0026,0.0003,42
02/28/2020,MSFT200228C00140000,48.02,3.92,48.55,48.95,1,0.02,0.9565,0.0026,5,140.000,MSFT200228P00140000,0.04,-0.005,0,0.06,8,0.5371,-0.0054,0.0007,73
02/28/2020,MSFT200228C00141000,29.5,0,47.55,48,0,0.02,0.9556,0.0027,1,141.000,MSFT200228P00141000,0.05,0.005,0,0.04,5,0.5159,-0.0048,0.0006,214
02/28/2020,MSFT200228C00142000,0,0,45.9,47,0,0.02,1,0.0028,0,142.000,MSFT200228P00142000,0.05,-0.015,0.02,0.06,2,0.5132,-0.0056,0.0007,206
02/28/2020,MSFT200228C00143000,0,0,45.55,46.4,0,0.02,0.9476,0.0031,0,143.000,MSFT200228P00143000,0.03,0,0.01,0.06,0,0.51,-0.0064,0.0008,133
02/28/2020,MSFT200228C00144000,19.72,0,44.55,45.4,0,0.02,0.9474,0.0032,2,144.000,MSFT200228P00144000,0.04,0,0.03,0.06,0,0.502,-0.0068,0.0009,115
02/28/2020,MSFT200228C00145000,43.01,3.885,43.55,44.4,1,0.02,0.9472,0.0033,67,145.000,MSFT200228P00145000,0.04,-0.01,0,0.07,1,0.4771,-0.0058,0.0008,474
02/28/2020,MSFT200228C00146000,39.2,0,42.55,43.4,0,0.02,0.947,0.0034,18,146.000,MSFT200228P00146000,0.07,0,0.03,0.08,0,0.4844,-0.0077,0.001,67
02/28/2020,MSFT200228C00147000,40.83,3.655,41.55,42.45,1,0.02,0.9456,0.0035,1,147.000,MSFT200228P00147000,0.07,0,0,0.08,0,0.4542,-0.006,0.0009,49
02/28/2020,MSFT200228C00148000,35.65,-0.45,40.55,41.45,1,0.02,0.9453,0.0036,2,148.000,MSFT200228P00148000,0.19,0,0,0.09,0,0.4569,-0.0076,0.0011,786
02/28/2020,MSFT200228C00149000,38.12,2.97,39.55,40.45,3,0.02,0.9449,0.0037,8,149.000,MSFT200228P00149000,0.09,0,0.05,0.09,0,0.4616,-0.0096,0.0013,816
02/28/2020,MSFT200228C00150000,36.82,2.67,38.55,39,20,0.02,0.9563,0.0034,353,150.000,MSFT200228P00150000,0.05,-0.035,0.05,0.06,3,0.4393,-0.0085,0.0013,660
02/28/2020,MSFT200228C00152500,34.08,2.455,36,36.6,2,0.02,0.9549,0.0038,21,152.500,MSFT200228P00152500,0.06,-0.055,0.04,0.1,37,0.4281,-0.0116,0.0017,900
02/28/2020,MSFT200228C00155000,32.3,3.175,33.6,34.4,22,0.02,0.9418,0.0047,88,155.000,MSFT200228P00155000,0.08,-0.04,0.05,0.11,18,0.4064,-0.0136,0.002,1442
02/28/2020,MSFT200228C00157500,25.73,0,31.05,31.65,0,0.02,0.9504,0.0047,105,157.500,MSFT200228P00157500,0.09,-0.055,0.06,0.11,70,0.3884,-0.017,0.0026,1591
02/28/2020,MSFT200228C00160000,27.74,3.615,28.6,29.1,78,0.02,0.9491,0.0052,329,160.000,MSFT200228P00160000,0.11,-0.075,0.08,0.12,64,0.3619,-0.019,0.0031,982
02/28/2020,MSFT200228C00162500,24.86,3.185,26.15,26.65,39,0.02,0.943,0.0061,399,162.500,MSFT200228P00162500,0.12,-0.125,0.11,0.15,32,0.3459,-0.0247,0.004,815
02/28/2020,MSFT200228C00165000,22.59,3.34,23.65,24.1,39,0.02,0.9427,0.0069,1171,165.000,MSFT200228P00165000,0.16,-0.16,0.15,0.19,348,0.3284,-0.0317,0.0052,1355
02/28/2020,MSFT200228C00167500,20.65,3.8,21.2,21.5,94,0.02,0.9423,0.0078,1106,167.500,MSFT200228P00167500,0.24,-0.205,0.21,0.25,138,0.3142,-0.0426,0.0069,1135
02/28/2020,MSFT200228C00170000,19,4.5,18.75,19.25,235,0.02,0.9206,0.0103,7204,170.000,MSFT200228P00170000,0.32,-0.305,0.3,0.34,232,0.3037,-0.0595,0.0093,1361
02/28/2020,MSFT200228C00172500,16,3.775,16.4,16.75,178,0.02,0.9048,0.0128,1034,172.500,MSFT200228P00172500,0.46,-0.44,0.43,0.47,291,0.2931,-0.0824,0.0124,816
02/28/2020,MSFT200228C00175000,14.15,4.075,14.05,14.4,710,0.02,0.8783,0.0163,4314,175.000,MSFT200228P00175000,0.63,-0.66,0.62,0.67,603,0.2849,-0.115,0.0162,1627
02/28/2020,MSFT200228C00177500,11.9,3.825,11.75,12.2,384,0.202,0.9098,0.0188,816,177.500,MSFT200228P00177500,0.95,-0.89,0.92,0.97,368,0.2782,-0.1591,0.0208,6465
02/28/2020,MSFT200228C00180000,9.8,3.5,9.7,10,1288,0.2176,0.832,0.0272,3250,180.000,MSFT200228P00180000,1.36,-1.24,1.36,1.43,1571,0.275,-0.2175,0.0255,1488
02/28/2020,MSFT200228C00182500,7.95,3.15,7.85,8,3029,0.2254,0.7445,0.0338,2030,182.500,MSFT200228P00182500,2,-1.6,1.93,2.01,674,0.2738,-0.2886,0.0297,624
02/28/2020,MSFT200228C00185000,6.25,2.65,6.15,6.3,5892,0.2317,0.6472,0.0381,2987,185.000,MSFT200228P00185000,2.84,-2.06,2.75,2.85,1293,0.274,-0.3692,0.0328,1109
02/28/2020,MSFT200228C00187500,4.8,2.155,4.75,4.85,5898,0.2379,0.5463,0.0396,3585,187.500,MSFT200228P00187500,3.9,-2.55,3.8,3.95,545,0.2776,-0.4549,0.034,328
02/28/2020,MSFT200228C00190000,3.6,1.67,3.55,3.7,4683,0.2421,0.4481,0.0389,4932,190.000,MSFT200228P00190000,5.25,-3,5.15,5.3,109,0.2847,-0.5385,0.0332,116
02/28/2020,MSFT200228C00192500,2.71,1.3,2.69,2.77,1587,0.2482,0.3585,0.0358,1588,192.500,MSFT200228P00192500,7.85,-2.4,6.75,6.9,27,0.2933,-0.6148,0.031,42
02/28/2020,MSFT200228C00195000,2.03,0.97,2,2.05,2426,0.2556,0.2819,0.0315,2614,195.000,MSFT200228P00195000,8.95,-3.375,8.5,8.7,64,0.3041,-0.6805,0.0279,44
02/28/2020,MSFT200228C00197500,1.51,0.715,1.48,1.55,583,0.2651,0.2205,0.0266,667,197.500,MSFT200228P00197500,11.25,-3.3,10.55,10.7,17,0.3193,-0.733,0.0244,27
02/28/2020,MSFT200228C00200000,1.15,0.52,1.11,1.17,3920,0.2745,0.1715,0.0221,3844,200.000,MSFT200228P00200000,13.58,-3.345,12.45,13,14,0.329,-0.7801,0.0213,26
02/28/2020,MSFT200228C00202500,0.88,0.375,0.87,0.95,451,0.2858,0.1349,0.0181,404,202.500,MSFT200228P00202500,16.95,-2.425,14.55,15.65,5,0.3529,-0.8084,0.0183,15
02/28/2020,MSFT200228C00205000,0.68,0.26,0.66,0.72,1029,0.299,0.1081,0.0148,1409,205.000,MSFT200228P00205000,0,0,16.85,17.95,0,0.373,-0.8333,0.0158,0
02/28/2020,MSFT200228C00210000,0.48,0.16,0.47,0.49,1357,0.3285,0.0736,0.0101,1145,210.000,MSFT200228P00210000,22.65,-4.025,21.95,22.4,77,0.4246,-0.8626,0.0122,73
02/28/2020,MSFT200228C00215000,0.37,0.115,0.34,0.36,147,0.3605,0.0539,0.0072,3056,215.000,MSFT200228P00215000,27.6,-4.075,26.8,27.15,45,0.4747,-0.8824,0.0098,52
02/28/2020,MSFT200228C00220000,0.28,0.28,0.27,0.3,574,0.3954,0.0427,0.0055,573,220.000,MSFT200228P00220000,0,0,31.6,32.55,0,0.5358,-0.8906,0.0082,0
02/28/2020,MSFT200228C00225000,0.22,0.22,0.19,0.27,2479,0.4243,0.0332,0.0042,2374,225.000,MSFT200228P00225000,0,0,36.4,37.45,0,0.5773,-0.9042,0.0069,0
03/06/2020,MSFT200306C00140000,42,0,46.3,51,0,0.02,1,0.0026,10,140.000,MSFT200306P00140000,0.08,-0.005,0,0.08,10,0.4817,-0.0078,0.0009,88
03/06/2020,MSFT200306C00142000,37.55,0,44.85,48.35,0,0.02,1,0.0027,19,142.000,MSFT200306P00142000,0.18,0,0,0.15,0,0.4743,-0.0096,0.0011,3
03/06/2020,MSFT200306C00143000,0,0,43.85,47.35,0,0.02,1,0.0028,0,143.000,MSFT200306P00143000,0.12,0,0,0.15,0,0.4639,-0.0098,0.0011,2
03/06/2020,MSFT200306C00144000,0,0,42.4,46.35,0,0.02,1,0.0029,0,144.000,MSFT200306P00144000,0,0,0,0.16,0,0.457,-0.0105,0.0012,0
03/06/2020,MSFT200306C00145000,26.33,0,42.1,44.55,0,0.02,1,0.003,3,145.000,MSFT200306P00145000,0.07,-0.04,0,0.17,6,0.4504,-0.0112,0.0013,194
03/06/2020,MSFT200306C00146000,32.26,0,40.85,44.35,0,0.02,1,0.003,1,146.000,MSFT200306P00146000,0,0,0.02,0.18,0,0.4517,-0.0133,0.0015,0
03/06/2020,MSFT200306C00147000,0,0,39.85,43.35,0,0.02,1,0.0031,0,147.000,MSFT200306P00147000,0.1,0,0.02,0.19,0,0.4421,-0.0137,0.0016,26
03/06/2020,MSFT200306C00148000,0,0,38.5,42.35,0,0.02,1,0.0033,0,148.000,MSFT200306P00148000,0.08,-0.06,0.05,0.2,521,0.4496,-0.0173,0.0019,513
03/06/2020,MSFT200306C00149000,15.15,0,37.65,41.35,0,0.02,1,0.0033,1,149.000,MSFT200306P00149000,0.18,0.03,0.04,0.22,1,0.4313,-0.0163,0.0019,19
03/06/2020,MSFT200306C00150000,33.35,0,36.85,40.4,0,0.02,1,0.0035,82,150.000,MSFT200306P00150000,0.12,-0.03,0.01,0.15,6,0.4154,-0.0157,0.0019,425
03/06/2020,MSFT200306C00152500,29.48,0,34.4,37.9,0,0.02,1,0.0038,10,152.500,MSFT200306P00152500,0.15,-0.03,0.09,0.18,2,0.3968,-0.0183,0.0023,274
03/06/2020,MSFT200306C00155000,32.75,3.55,31.9,35.4,5,0.02,1,0.0042,27,155.000,MSFT200306P00155000,0.16,-0.055,0.12,0.22,35,0.3824,-0.0226,0.0028,239
03/06/2020,MSFT200306C00157500,28.65,2.05,29.7,32.9,2,0.02,1,0.0045,66,157.500,MSFT200306P00157500,0.22,-0.055,0.14,0.26,12,0.3715,-0.0291,0.0036,581
03/06/2020,MSFT200306C00160000,27.42,2.52,27,30.45,1,0.02,0.9975,0,267,160.000,MSFT200306P00160000,0.23,-0.11,0.2,0.28,43,0.3514,-0.034,0.0043,1055
03/06/2020,MSFT200306C00162500,25.25,3.15,24.85,28.65,1,0.02,1,0.0072,105,162.500,MSFT200306P00162500,0.3,-0.14,0.24,0.36,64,0.3399,-0.0436,0.0055,369
03/06/2020,MSFT200306C00165000,22.88,3.23,22.4,25,8,0.3154,0.9481,0.0065,867,165.000,MSFT200306P00165000,0.38,-0.21,0.33,0.43,142,0.3257,-0.0546,0.0069,781
03/06/2020,MSFT200306C00167500,19.3,2.025,20.4,22.35,9,0.02,1,0.008,399,167.500,MSFT200306P00167500,0.49,-0.305,0.44,0.55,370,0.3159,-0.0712,0.0087,653
03/06/2020,MSFT200306C00170000,18.75,3.875,17,19.7,183,0.02,1,0.0113,1354,170.000,MSFT200306P00170000,0.66,-0.4,0.6,0.73,202,0.307,-0.0929,0.0109,1123
03/06/2020,MSFT200306C00172500,16.87,4.12,16.75,17.25,28,0.2305,0.9302,0.0114,1067,172.500,MSFT200306P00172500,0.89,-0.54,0.83,0.94,155,0.2987,-0.1208,0.0136,637
03/06/2020,MSFT200306C00175000,13.8,3.125,14.45,15.8,178,0.2799,0.8503,0.0166,1977,175.000,MSFT200306P00175000,1.21,-0.72,1.12,1.26,687,0.2939,-0.1581,0.0166,1091
03/06/2020,MSFT200306C00177500,12.2,3.325,12.45,13.6,95,0.2675,0.8111,0.0203,1009,177.500,MSFT200306P00177500,1.66,-0.925,1.52,1.7,271,0.2898,-0.2037,0.0197,560
03/06/2020,MSFT200306C00180000,10.65,3.475,10.25,10.75,399,0.2489,0.7673,0.0247,1506,180.000,MSFT200306P00180000,2.17,-1.23,2.02,2.2,1062,0.2849,-0.2565,0.0228,782
03/06/2020,MSFT200306C00182500,8.89,3.14,8.6,8.95,807,0.2514,0.6968,0.028,1239,182.500,MSFT200306P00182500,2.86,-1.615,2.72,2.98,114,0.285,-0.3194,0.0253,276
03/06/2020,MSFT200306C00185000,7.29,2.79,7,7.4,1979,0.2513,0.6215,0.0305,1570,185.000,MSFT200306P00185000,3.75,-2,3.65,3.9,734,0.2823,-0.3861,0.0274,810
03/06/2020,MSFT200306C00187500,5.8,2.325,5.7,5.9,1310,0.2551,0.5421,0.0314,1218,187.500,MSFT200306P00187500,5.2,-1.975,4.7,5,56,0.2861,-0.4571,0.028,37
03/06/2020,MSFT200306C00190000,4.63,1.96,4.6,4.75,2041,0.2548,0.4632,0.0315,5696,190.000,MSFT200306P00190000,6.5,-2.4,6.15,6.35,18,0.2883,-0.5269,0.0279,14
03/06/2020,MSFT200306C00192500,3.65,1.605,3.6,3.75,1140,0.2602,0.3895,0.0298,981,192.500,MSFT200306P00192500,9.26,-1.49,7.35,7.85,7,0.2934,-0.5927,0.0267,5
03/06/2020,MSFT200306C00195000,2.87,1.3,2.73,2.95,932,0.2644,0.3224,0.0274,1858,195.000,MSFT200306P00195000,10.8,-1.95,9.2,9.55,3,0.2982,-0.6532,0.0249,3
03/06/2020,MSFT200306C00197500,2.1,0.87,2.12,2.34,843,0.269,0.2635,0.0245,546,197.500,MSFT200306P00197500,11.94,-2.985,10.3,12.2,1,0.3056,-0.7057,0.0227,1
03/06/2020,MSFT200306C00200000,1.76,0.805,1.75,1.8,4578,0.2762,0.2153,0.0214,4372,200.000,MSFT200306P00200000,13.65,-3.625,12.1,14.45,2,0.2893,-0.7706,0.0211,2
03/06/2020,MSFT200306C00202500,1.39,0.62,1.31,1.5,221,0.283,0.175,0.0184,497,202.500,MSFT200306P00202500,0,0,14.25,16.6,0,0.3301,-0.7828,0.0179,0
03/06/2020,MSFT200306C00205000,1.13,0.505,1.05,1.16,718,0.2922,0.1438,0.0157,1000,205.000,MSFT200306P00205000,0,0,16.4,18.95,0,0.3384,-0.8153,0.0158,0
03/06/2020,MSFT200306C00210000,0.77,0.31,0.7,0.79,2410,0.3131,0.1001,0.0113,1645,210.000,MSFT200306P00210000,0,0,20.8,23.85,0,0.3764,-0.8508,0.0123,0
03/06/2020,MSFT200306C00215000,0.57,0.185,0.52,0.57,657,0.3344,0.0718,0.0083,694,215.000,MSFT200306P00215000,0,0,25.75,28.7,0,0.4109,-0.877,0.0099,0
03/06/2020,MSFT200306C00220000,0.45,0.45,0.37,0.52,25,0.3603,0.0554,0.0063,25,220.000,MSFT200306P00220000,0,0,30.45,33.6,0,0.45,-0.8929,0.0081,0
03/06/2020,MSFT200306C00225000,0.36,0.36,0.35,0.37,12,0.392,0.0468,0.005,8,225.000,MSFT200306P00225000,0,0,35.1,38.55,0,0.4881,-0.9048,0.0069,0
03/13/2020,MSFT200313C00142000,0,0,46.5,47.1,0,0.02,0.9557,0.0027,0,142.000,MSFT200313P00142000,0.09,0,0.03,0.15,0,0.4268,-0.0105,0.0012,11
03/13/2020,MSFT200313C00143000,31.18,0,45.5,46.1,0,0.02,0.9558,0.0028,3,143.000,MSFT200313P00143000,0,0,0.04,0.16,0,0.4232,-0.0116,0.0013,0
03/13/2020,MSFT200313C00144000,0,0,44.5,45.1,0,0.02,0.956,0.0029,0,144.000,MSFT200313P00144000,0.36,0,0.05,0.16,0,0.4201,-0.0129,0.0014,10
03/13/2020,MSFT200313C00145000,0,0,43.5,44.15,0,0.02,0.955,0.003,0,145.000,MSFT200313P00145000,0.15,-0.01,0.06,0.17,1,0.4156,-0.014,0.0015,4
03/13/2020,MSFT200313C00146000,0,0,42.5,43.15,0,0.02,0.955,0.0031,0,146.000,MSFT200313P00146000,0.21,0,0.07,0.18,0,0.411,-0.0152,0.0017,4
03/13/2020,MSFT200313C00147000,25.44,0,41.5,42.15,0,0.02,0.9551,0.0032,27,147.000,MSFT200313P00147000,0.14,-0.035,0.08,0.19,4,0.406,-0.0165,0.0018,14
03/13/2020,MSFT200313C00148000,24.5,0,40.45,41.2,0,0.02,0.955,0.0033,5,148.000,MSFT200313P00148000,0.18,0,0.15,0.2,0,0.4027,-0.0182,0.002,2
03/13/2020,MSFT200313C00149000,30.64,0,39.45,40.2,0,0.02,0.9551,0.0034,2,149.000,MSFT200313P00149000,0.25,0,0.11,0.21,0,0.3967,-0.0195,0.0021,5
03/13/2020,MSFT200313C00150000,21.14,0,38.45,39.2,0,0.02,0.9551,0.0035,2,150.000,MSFT200313P00150000,0.17,-0.07,0.13,0.22,27,0.3939,-0.0217,0.0024,39
03/13/2020,MSFT200313C00152500,18.5,0,35.95,36.75,0,0.02,0.9536,0.0038,1,152.500,MSFT200313P00152500,0.2,-0.08,0.12,0.26,2,0.3804,-0.0261,0.0028,91
03/13/2020,MSFT200313C00155000,16.57,0,33.45,34.25,0,0.02,0.9532,0.0042,6,155.000,MSFT200313P00155000,0.26,-0.065,0.18,0.3,2,0.3679,-0.0318,0.0035,135
03/13/2020,MSFT200313C00157500,14.82,0,31,31.8,0,0.02,0.9492,0.0047,7,157.500,MSFT200313P00157500,0.3,-0.09,0.25,0.32,12,0.3474,-0.0358,0.0041,624
03/13/2020,MSFT200313C00160000,27.33,2.93,28.45,29.35,1,0.02,1,0.0053,73,160.000,MSFT200313P00160000,0.38,-0.11,0.31,0.39,73,0.3338,-0.0434,0.0049,450
03/13/2020,MSFT200313C00162500,21.65,0,26,27.05,0,0.02,1,0.0064,3,162.500,MSFT200313P00162500,0.47,-0.15,0.38,0.46,28,0.325,-0.0554,0.0062,544
03/13/2020,MSFT200313C00165000,22.45,2.725,23.5,24.7,2,0.02,1,0.0076,32,165.000,MSFT200313P00165000,0.58,-0.225,0.5,0.56,179,0.3151,-0.0697,0.0076,578
03/13/2020,MSFT200313C00167500,16.45,0,21.15,22.35,0,0.02,1,0.0093,35,167.500,MSFT200313P00167500,0.69,-0.345,0.65,0.72,50,0.3058,-0.0878,0.0093,552
03/13/2020,MSFT200313C00170000,18.8,3.625,19.25,19.55,94,0.2176,0.9473,0.0085,392,170.000,MSFT200313P00170000,0.9,-0.46,0.83,0.91,262,0.2962,-0.1101,0.0114,701
03/13/2020,MSFT200313C00172500,16.9,3.825,17,17.3,26,0.2281,0.9096,0.0125,422,172.500,MSFT200313P00172500,1.2,-0.575,1.1,1.17,230,0.2894,-0.1395,0.0137,1589
03/13/2020,MSFT200313C00175000,15,3.875,14.75,15.2,162,0.2326,0.8661,0.0164,436,175.000,MSFT200313P00175000,1.47,-0.865,1.41,1.52,529,0.2837,-0.1758,0.0163,1334
03/13/2020,MSFT200313C00177500,12.88,3.505,12.85,13.15,6170,0.2376,0.8124,0.0201,2464,177.500,MSFT200313P00177500,1.95,-1.07,1.86,2.01,704,0.2799,-0.2201,0.0189,1530
03/13/2020,MSFT200313C00180000,11,3.275,10.85,11.15,103,0.2414,0.7516,0.0233,1036,180.000,MSFT200313P00180000,2.57,-1.305,2.43,2.58,171,0.2768,-0.2712,0.0214,481
03/13/2020,MSFT200313C00182500,9.3,3.025,9.15,9.4,304,0.2425,0.6864,0.0261,1300,182.500,MSFT200313P00182500,3.49,-1.435,3.2,3.35,275,0.274,-0.3282,0.0236,487
03/13/2020,MSFT200313C00185000,7.75,2.725,7.7,7.9,1099,0.2445,0.616,0.0279,1129,185.000,MSFT200313P00185000,4.25,-1.95,4.05,4.3,424,0.2751,-0.3911,0.0249,1218
03/13/2020,MSFT200313C00187500,6.35,2.375,6.2,6.45,777,0.2472,0.5437,0.0286,581,187.500,MSFT200313P00187500,5.66,-2.015,5.15,5.4,92,0.2745,-0.4554,0.0258,142
03/13/2020,MSFT200313C00190000,5.2,2.075,5.15,5.25,1193,0.2494,0.4723,0.0285,1230,190.000,MSFT200313P00190000,6.6,-2.75,6.5,6.7,61,0.2766,-0.5198,0.0257,49
03/13/2020,MSFT200313C00192500,4.15,1.69,4,4.25,3458,0.2516,0.4038,0.0275,2241,192.500,MSFT200313P00192500,8.69,-2.485,8,8.2,4,0.2796,-0.5815,0.0249,11
03/13/2020,MSFT200313C00195000,3.35,1.425,3.2,3.4,758,0.2545,0.3406,0.0257,1028,195.000,MSFT200313P00195000,10.55,-2.55,9.35,10.4,12,0.2852,-0.6377,0.0234,12
03/13/2020,MSFT200313C00197500,2.65,1.13,2.53,2.7,206,0.2581,0.2841,0.0235,440,197.500,MSFT200313P00197500,14.15,0,11.45,11.7,0,0.2909,-0.6882,0.0217,4
03/13/2020,MSFT200313C00200000,2.1,0.9,2.02,2.12,2453,0.2633,0.236,0.0209,2055,200.000,MSFT200313P00200000,17,0,13,14.3,0,0.3001,-0.7304,0.0196,1
03/13/2020,MSFT200313C00202500,1.66,0.7,1.64,1.75,354,0.268,0.1944,0.0184,530,202.500,MSFT200313P00202500,0,0,15.05,16.55,0,0.3119,-0.7646,0.0175,0
03/13/2020,MSFT200313C00205000,1.35,0.56,1.26,1.5,478,0.2752,0.1617,0.0159,446,205.000,MSFT200313P00205000,21.3,-0.725,17.25,18.65,1,0.326,-0.7916,0.0156,2
03/13/2020,MSFT200313C00210000,0.9,0.335,0.83,0.96,4073,0.2915,0.1138,0.0118,2480,210.000,MSFT200313P00210000,23.35,-3.375,22,23.2,2,0.3548,-0.8328,0.0125,1
03/13/2020,MSFT200313C00215000,0.67,0.25,0.62,0.7,8354,0.3109,0.0836,0.0088,5527,215.000,MSFT200313P00215000,0,0,26.75,27.95,0,0.3925,-0.8561,0.0102,0
03/13/2020,MSFT200313C00220000,0.51,0.51,0.48,0.54,2162,0.3322,0.0642,0.0068,1598,220.000,MSFT200313P00220000,34,34,31.6,32.8,8,0.428,-0.8737,0.0086,8
03/13/2020,MSFT200313C00225000,0.43,0.43,0.41,0.45,93,0.3537,0.0508,0.0053,87,225.000,MSFT200313P00225000,0,0,36.5,37.7,0,0.4667,-0.8848,0.0073,0
03/20/2020,MSFT200320C00075000,111,1.975,113.55,113.9,15,0.02,0.9975,0.0008,18,75.000,MSFT200320P00075000,0.01,-0.015,0,0.04,1,0.9622,-0.001,0.0001,1682
03/20/2020,MSFT200320C00080000,108.1,4.075,108.55,108.9,2,0.02,0.9975,0.0009,6,80.000,MSFT200320P00080000,0.01,0,0,0.04,0,0.8982,-0.0011,0.0001,1773
03/20/2020,MSFT200320C00085000,100,0,103.55,103.9,0,0.02,0.9975,0.001,4,85.000,MSFT200320P00085000,0.02,0,0,0.01,0,0.7424,-0.0003,0,1795
03/20/2020,MSFT200320C00090000,73.6,0,98.55,99,0,0.02,0.9438,0.001,5,90.000,MSFT200320P00090000,0.01,-0.02,0,0.01,5,0.6808,-0.0003,0,3862
03/20/2020,MSFT200320C00095000,70.63,0,93.55,94,0,0.02,0.945,0.0011,4,95.000,MSFT200320P00095000,0.01,0.005,0,0.01,5,0.6371,-0.0003,0,569
03/20/2020,MSFT200320C00100000,85.32,1.295,88.55,89,25,0.02,0.9463,0.0012,118,100.000,MSFT200320P00100000,0.01,0.005,0,0.01,72,0.5915,-0.0004,0,8582
03/20/2020,MSFT200320C00105000,80.05,0,83.55,83.9,0,0.02,0.9975,0,39,105.000,MSFT200320P00105000,0.02,0.01,0,0.02,1,0.5848,-0.0008,0.0001,1669
03/20/2020,MSFT200320C00110000,77.87,3.845,78.55,78.9,1,0.02,0.9975,0,125,110.000,MSFT200320P00110000,0.03,0.015,0.01,0.03,44,0.583,-0.0017,0.0002,3331
03/20/2020,MSFT200320C00115000,72.81,3.785,73.55,73.95,1,0.02,0.9509,0.0016,259,115.000,MSFT200320P00115000,0.05,0.025,0,0.05,2,0.5359,-0.0018,0.0002,2616
03/20/2020,MSFT200320C00120000,65.05,0,68.55,69,0,0.02,0.9517,0.0017,758,120.000,MSFT200320P00120000,0.03,0,0.03,0.05,4,0.5344,-0.0037,0.0003,23256
03/20/2020,MSFT200320C00125000,58.35,0,63.55,64.35,0,0.02,0.9488,0.002,4035,125.000,MSFT200320P00125000,0.05,-0.005,0.01,0.06,12,0.498,-0.0045,0.0004,14697
03/20/2020,MSFT200320C00130000,57.52,3.495,57.9,59,4,0.02,1,0.0021,1657,130.000,MSFT200320P00130000,0.08,0.005,0.05,0.07,223,0.4795,-0.0071,0.0007,6541
03/20/2020,MSFT200320C00135000,52.1,3.05,53.55,54.05,29,0.02,0.9544,0.0023,3952,135.000,MSFT200320P00135000,0.09,-0.01,0.08,0.11,63,0.4542,-0.01,0.001,7637
03/20/2020,MSFT200320C00140000,47.9,3.8,48.55,49,28,0.02,0.9562,0.0026,9181,140.000,MSFT200320P00140000,0.11,-0.025,0.1,0.13,256,0.4224,-0.013,0.0013,9086
03/20/2020,MSFT200320C00145000,43.3,4.175,43.6,44,62,0.02,0.9559,0.003,10478,145.000,MSFT200320P00145000,0.17,-0.04,0.15,0.18,387,0.3985,-0.0186,0.0019,9269
03/20/2020,MSFT200320C00150000,38.8,4.6,38.55,39.6,122,0.02,0.9428,0.0039,8139,150.000,MSFT200320P00150000,0.23,-0.055,0.22,0.25,420,0.373,-0.0262,0.0026,15241
03/20/2020,MSFT200320C00155000,33.5,4.25,33.55,34.05,126,0.02,0.9562,0.004,10813,155.000,MSFT200320P00155000,0.34,-0.06,0.27,0.3,183,0.3443,-0.0359,0.0037,14260
03/20/2020,MSFT200320C00160000,28.65,4.15,28.85,29.6,258,0.02,1,0.0062,14331,160.000,MSFT200320P00160000,0.43,-0.16,0.41,0.46,445,0.3206,-0.0524,0.0054,7678
03/20/2020,MSFT200320C00165000,23.9,4.05,23.9,24.5,535,0.02,1,0.0079,13887,165.000,MSFT200320P00165000,0.67,-0.295,0.65,0.7,1110,0.3019,-0.0801,0.008,6171
03/20/2020,MSFT200320C00170000,19.7,4.275,19.5,19.85,977,0.2294,0.92,0.0103,11035,170.000,MSFT200320P00170000,1.06,-0.53,1.05,1.1,1349,0.2867,-0.1241,0.0116,6777
03/20/2020,MSFT200320C00175000,15.4,3.9,15.2,15.5,1387,0.2387,0.8385,0.0164,14181,175.000,MSFT200320P00175000,1.75,-0.875,1.74,1.79,1517,0.2763,-0.191,0.016,8382
03/20/2020,MSFT200320C00180000,11.5,3.375,11.35,11.7,2813,0.2408,0.734,0.022,15000,180.000,MSFT200320P00180000,2.91,-1.34,2.84,3.05,3110,0.2688,-0.2824,0.0204,7547
03/20/2020,MSFT200320C00185000,8.25,2.775,8.1,8.35,9029,0.2433,0.6089,0.0255,19588,185.000,MSFT200320P00185000,4.66,-1.915,4.6,4.65,2658,0.2687,-0.3957,0.0232,5787
03/20/2020,MSFT200320C00190000,5.69,2.19,5.55,5.7,8187,0.2449,0.4773,0.0263,15093,190.000,MSFT200320P00190000,7.05,-2.575,6.95,7.15,751,0.2696,-0.5152,0.0239,576
03/20/2020,MSFT200320C00195000,3.7,1.53,3.6,3.8,9260,0.2489,0.3544,0.0242,14730,195.000,MSFT200320P00195000,10.25,-3.075,10,10.35,539,0.2753,-0.6267,0.0222,734
03/20/2020,MSFT200320C00200000,2.41,1.075,2.4,2.45,17836,0.2545,0.2522,0.0203,25143,200.000,MSFT200320P00200000,14,-3.475,13.1,14,23,0.2862,-0.7179,0.019,421
03/20/2020,MSFT200320C00210000,1.08,0.5,1.04,1.1,14568,0.2749,0.1242,0.0121,15598,210.000,MSFT200320P00210000,23.55,-3.3,21.9,23.3,84,0.3232,-0.8309,0.0125,120
03/20/2020,MSFT200320C00220000,0.58,0.26,0.57,0.58,4473,0.3076,0.0689,0.007,7929,220.000,MSFT200320P00220000,32.85,-3.75,31.65,32.8,72,0.3802,-0.8785,0.0085,92
03/20/2020,MSFT200320C00230000,0.38,0.14,0.37,0.38,455,0.3435,0.0433,0.0043,902,230.000,MSFT200320P00230000,0,0,41.55,42.5,0,0.4543,-0.8945,0.0064,0
03/20/2020,MSFT200320C00240000,0.29,0.085,0.28,0.3,1855,0.3821,0.0308,0.0029,5460,240.000,MSFT200320P00240000,52.45,-4.025,51.6,52.45,10,0.5145,-0.9093,0.005,9
03/20/2020,MSFT200320C00250000,0.23,0.07,0.2,0.22,1326,0.4216,0.0239,0.0022,2752,250.000,MSFT200320P00250000,63.77,-2.605,61.4,62.35,2,0.571,-0.9196,0.0041,1
03/27/2020,MSFT200327C00150000,36.3,1.925,38.6,39.35,3,0.02,0.9701,0.0027,5,150.000,MSFT200327P00150000,0.32,-0.025,0.24,0.4,10,0.3627,-0.0321,0.003,15
03/27/2020,MSFT200327C00155000,31.7,2.2,33.4,34.5,4,0.02,1,0.0033,4,155.000,MSFT200327P00155000,0.47,-0.085,0.33,0.51,615,0.3466,-0.048,0.0043,617
03/27/2020,MSFT200327C00157500,0,0,31.1,32.2,0,0.02,1,0.0047,0,157.500,MSFT200327P00157500,0.54,-0.145,0.4,0.56,250,0.3308,-0.0546,0.005,258
03/27/2020,MSFT200327C00160000,26.95,2.175,28.7,29.75,21,0.02,1,0.0055,41,160.000,MSFT200327P00160000,0.59,-0.25,0.52,0.67,1018,0.3173,-0.0636,0.0059,1001
03/27/2020,MSFT200327C00162500,0,0,26.2,27.5,0,0.2154,0.9755,0.0037,0,162.500,MSFT200327P00162500,0.7,-0.285,0.68,0.76,1163,0.3068,-0.0761,0.007,1339
03/27/2020,MSFT200327C00165000,0,0,24.05,25.25,0,0.2213,0.9585,0.0058,0,165.000,MSFT200327P00165000,0.93,-0.325,0.82,0.95,181,0.2999,-0.0936,0.0083,724
03/27/2020,MSFT200327C00167500,19.11,0,21.75,22.95,0,0.2306,0.9318,0.0083,0,167.500,MSFT200327P00167500,1.09,-0.465,1.03,1.16,338,0.2921,-0.1139,0.0098,1168
03/27/2020,MSFT200327C00170000,18.51,2.635,19.8,20.75,2,0.2343,0.9019,0.0109,12,170.000,MSFT200327P00170000,1.4,-0.52,1.3,1.44,242,0.2862,-0.1394,0.0116,504
03/27/2020,MSFT200327C00172500,13.95,0,17.7,18.05,0,0.2341,0.8685,0.0135,18,172.500,MSFT200327P00172500,1.68,-0.73,1.64,1.79,766,0.281,-0.1698,0.0134,565
03/27/2020,MSFT200327C00175000,15.35,3.325,15.55,15.95,5,0.2354,0.8272,0.0161,9,175.000,MSFT200327P00175000,2.08,-0.915,2.05,2.21,137,0.2738,-0.2034,0.0154,321
03/27/2020,MSFT200327C00177500,12.33,2.105,13.55,14.55,8,0.238,0.7784,0.0186,17,177.500,MSFT200327P00177500,2.77,-1.005,2.58,2.75,387,0.2706,-0.2449,0.0173,426
03/27/2020,MSFT200327C00180000,11.7,3.05,11.85,12.2,48,0.2375,0.7268,0.0208,72,180.000,MSFT200327P00180000,3.29,-1.385,3.2,3.45,81,0.2687,-0.2918,0.0191,180
03/27/2020,MSFT200327C00182500,9.8,2.6,10.15,10.5,62,0.2384,0.6696,0.0226,165,182.500,MSFT200327P00182500,4.32,-1.43,3.9,4.2,23,0.2655,-0.3418,0.0206,57
03/27/2020,MSFT200327C00185000,8.75,2.775,8.65,8.9,474,0.2391,0.6094,0.0239,434,185.000,MSFT200327P00185000,5.05,-1.95,4.95,5.15,137,0.266,-0.3963,0.0216,175
03/27/2020,MSFT200327C00187500,7.38,2.48,7.25,7.5,768,0.2396,0.5477,0.0246,746,187.500,MSFT200327P00187500,6.15,-2.275,5.95,6.3,36,0.2678,-0.4519,0.022,83
03/27/2020,MSFT200327C00190000,6.15,2.225,6.05,6.2,813,0.2398,0.4858,0.0248,646,190.000,MSFT200327P00190000,7.9,-2.1,7.1,7.6,43,0.2661,-0.5076,0.0223,51
03/27/2020,MSFT200327C00192500,5.05,1.875,4.95,5.2,207,0.2419,0.426,0.0242,6090,192.500,MSFT200327P00192500,8.84,-2.86,8.7,9,11,0.2678,-0.5618,0.0219,11
03/27/2020,MSFT200327C00195000,4.2,1.64,4.05,4.2,823,0.2433,0.3691,0.0231,547,195.000,MSFT200327P00195000,11.35,-2.225,10.15,10.7,3,0.2712,-0.6126,0.021,1
03/27/2020,MSFT200327C00197500,3.33,1.28,3.3,3.5,292,0.2455,0.3169,0.0216,185,197.500,MSFT200327P00197500,13.31,-2.29,11.6,12.45,1,0.273,-0.6609,0.02,1
03/27/2020,MSFT200327C00200000,2.78,1.155,2.75,2.79,7645,0.2471,0.269,0.0199,6607,200.000,MSFT200327P00200000,14.47,-3.23,13.4,15,3,0.281,-0.7005,0.0184,9
03/27/2020,MSFT200327C00202500,2.22,0.905,2.17,2.37,104,0.2508,0.2281,0.018,231,202.500,MSFT200327P00202500,0,0,15.65,16.9,0,0.2886,-0.7357,0.0169,0
03/27/2020,MSFT200327C00205000,1.85,0.79,1.77,1.87,338,0.2548,0.1928,0.016,392,205.000,MSFT200327P00205000,19.65,-2.55,17.55,19,6,0.2978,-0.7651,0.0153,7
03/27/2020,MSFT200327C00210000,1.23,0.46,1.21,1.3,580,0.2622,0.1358,0.0124,767,210.000,MSFT200327P00210000,23.12,-3.855,22,23.5,12,0.3176,-0.8116,0.0126,10
03/27/2020,MSFT200327C00215000,0.9,0.34,0.78,0.93,303,0.276,0.1004,0.0095,417,215.000,MSFT200327P00215000,28.9,-2.85,26.95,28,16,0.3393,-0.8446,0.0104,26
03/27/2020,MSFT200327C00220000,0.63,0.63,0.58,0.8,55,0.2909,0.0761,0.0073,55,220.000,MSFT200327P00220000,32.65,32.65,31.6,32.9,16,0.3837,-0.853,0.0089,16
03/27/2020,MSFT200327C00225000,0.55,0.55,0.46,0.64,32,0.3055,0.0587,0.0057,32,225.000,MSFT200327P00225000,37.9,37.9,36.65,37.75,16,0.404,-0.874,0.0076,16
03/27/2020,MSFT200327C00230000,0.41,0.41,0.38,0.45,164,0.3237,0.0482,0.0046,164,230.000,MSFT200327P00230000,0,0,41,42.6,0,0.4375,-0.8823,0.0067,0
04/17/2020,MSFT200417C00075000,64.4,0,113.5,113.95,0,0.02,0.9979,0.0002,1,75.000,MSFT200417P00075000,0.03,0,0,0.05,0,0.7535,-0.0013,0.0001,494
04/17/2020,MSFT200417C00080000,77.74,0,106.5,108.95,0,0.02,1,0.0002,5,80.000,MSFT200417P00080000,0.01,-0.02,0,0.01,1,0.6186,-0.0004,0,629
04/17/2020,MSFT200417C00085000,85.95,0,101.5,103.95,0,0.02,1,0.0002,14,85.000,MSFT200417P00085000,0.01,0,0,0.05,0,0.6568,-0.0014,0.0001,53
04/17/2020,MSFT200417C00090000,82.9,0,98.5,99,0,0.02,0.9941,0.0002,14,90.000,MSFT200417P00090000,0.06,0,0,0.04,0,0.597,-0.0012,0.0001,141
04/17/2020,MSFT200417C00095000,71.45,0,93.5,94,0,0.02,0.9943,0.0002,11,95.000,MSFT200417P00095000,0.02,-0.01,0,0.05,10,0.5565,-0.0013,0.0001,296
04/17/2020,MSFT200417C00100000,73,0,88.5,89,0,0.02,0.9941,0.0002,81,100.000,MSFT200417P00100000,0.02,0,0,0.05,0,0.5308,-0.0018,0.0001,216
04/17/2020,MSFT200417C00105000,82.15,3.125,83.55,84,5,0.02,0.9923,0.0004,54,105.000,MSFT200417P00105000,0.05,0,0,0.06,0,0.5055,-0.0024,0.0002,251
04/17/2020,MSFT200417C00110000,77.21,3.16,78.55,79.05,2,0.02,0.9906,0.0005,32,110.000,MSFT200417P00110000,0.04,0.005,0.04,0.06,7,0.4915,-0.0038,0.0003,760
04/17/2020,MSFT200417C00115000,72.04,2.965,73.55,74,10,0.02,0.9916,0.0005,309,115.000,MSFT200417P00115000,0.07,0,0.05,0.07,0,0.4646,-0.0048,0.0004,994
04/17/2020,MSFT200417C00120000,68.08,4.005,68.55,69.1,20,0.02,0.9886,0.0007,238,120.000,MSFT200417P00120000,0.07,0,0.06,0.11,0,0.4491,-0.0071,0.0005,2683
04/17/2020,MSFT200417C00125000,61.96,2.81,63.45,64.15,8,0.02,0.9898,0.0007,308,125.000,MSFT200417P00125000,0.16,0.025,0.11,0.14,8,0.4312,-0.01,0.0008,1742
04/17/2020,MSFT200417C00130000,56.65,2.4,58.55,59.15,305,0.02,0.9863,0.0009,1111,130.000,MSFT200417P00130000,0.11,0,0.13,0.18,0,0.4083,-0.0131,0.001,2719
04/17/2020,MSFT200417C00135000,51.68,2.43,53.4,54.35,309,0.02,0.9843,0.0012,1466,135.000,MSFT200417P00135000,0.23,0,0.17,0.24,0,0.3857,-0.0172,0.0014,3478
04/17/2020,MSFT200417C00140000,48.34,3.94,48.6,49.35,100,0.02,0.9769,0.0017,2345,140.000,MSFT200417P00140000,0.26,-0.05,0.25,0.28,42,0.364,-0.0228,0.0018,4562
04/17/2020,MSFT200417C00145000,43.59,4.115,43.35,44.75,69,0.02,1,0.0023,1575,145.000,MSFT200417P00145000,0.35,-0.1,0.32,0.36,41,0.3444,-0.031,0.0025,4343
04/17/2020,MSFT200417C00150000,39.55,4.9,39,39.55,49,0.02,1,0.0035,4153,150.000,MSFT200417P00150000,0.48,-0.1,0.43,0.46,77,0.3246,-0.042,0.0034,7178
04/17/2020,MSFT200417C00155000,34.04,4.14,34.2,35,49,0.2078,0.9862,0.0018,3758,155.000,MSFT200417P00155000,0.62,-0.2,0.6,0.68,1752,0.3067,-0.0581,0.0047,8837
04/17/2020,MSFT200417C00160000,29.7,4.375,29.5,29.85,311,0.231,0.9558,0.0048,5751,160.000,MSFT200417P00160000,0.89,-0.295,0.81,0.94,201,0.2923,-0.0824,0.0064,3476
04/17/2020,MSFT200417C00165000,25.2,4.3,24.85,25.45,202,0.2435,0.9092,0.0082,8058,165.000,MSFT200417P00165000,1.38,-0.365,1.2,1.35,211,0.2799,-0.1173,0.0087,5107
04/17/2020,MSFT200417C00170000,20.5,3.775,20.5,21,385,0.2396,0.8575,0.0115,12009,170.000,MSFT200417P00170000,1.95,-0.66,1.87,1.98,272,0.2692,-0.1655,0.0114,2556
04/17/2020,MSFT200417C00175000,16.75,3.75,16.5,16.9,2089,0.2374,0.7868,0.015,15856,175.000,MSFT200417P00175000,2.86,-1.015,2.8,2.87,2834,0.2623,-0.2306,0.0143,8248
04/17/2020,MSFT200417C00180000,13.05,3.275,12.9,13.15,2644,0.2373,0.6985,0.0181,12781,180.000,MSFT200417P00180000,4.2,-1.425,4.1,4.35,787,0.2576,-0.3109,0.0169,1346
04/17/2020,MSFT200417C00185000,9.9,2.825,9.8,10,8734,0.2342,0.6001,0.0203,13597,185.000,MSFT200417P00185000,6.08,-1.895,5.9,6.25,716,0.2546,-0.4026,0.0188,823
04/17/2020,MSFT200417C00190000,7.3,2.3,7.3,7.4,5129,0.2354,0.4956,0.0209,19202,190.000,MSFT200417P00190000,8.45,-2.425,8.3,8.65,300,0.254,-0.499,0.0194,221
04/17/2020,MSFT200417C00195000,5.25,1.8,5.25,5.3,3025,0.2354,0.3943,0.0202,4054,195.000,MSFT200417P00195000,12,-2.375,11.3,11.6,99,0.2565,-0.5918,0.0187,66
04/17/2020,MSFT200417C00200000,3.7,1.315,3.7,3.8,5607,0.2382,0.3044,0.0182,9217,200.000,MSFT200417P00200000,16.15,-2.175,14.7,15.8,25,0.2607,-0.6746,0.017,416
04/17/2020,MSFT200417C00210000,1.82,0.655,1.81,1.86,3727,0.2488,0.1729,0.0127,8881,210.000,MSFT200417P00210000,24.5,-2.65,22.45,23.95,48,0.2836,-0.7899,0.0125,104
04/17/2020,MSFT200417C00220000,0.98,0.325,0.97,0.99,5404,0.2649,0.0988,0.0081,9832,220.000,MSFT200417P00220000,32.65,-4.15,31.75,33.1,89,0.3174,-0.8522,0.0089,150
04/17/2020,MSFT200417C00230000,0.62,0.18,0.62,0.63,656,0.2895,0.0633,0.0053,1257,230.000,MSFT200417P00230000,42.35,-4.275,41.6,42.65,25,0.3718,-0.8746,0.0068,38
04/17/2020,MSFT200417C00240000,0.45,0.13,0.44,0.45,251,0.3142,0.0433,0.0036,813,240.000,MSFT200417P00240000,53.77,-2.78,51.4,52.55,1,0.4233,-0.8889,0.0055,14
04/17/2020,MSFT200417C00250000,0.33,0.07,0.32,0.34,871,0.341,0.0324,0.0026,2330,250.000,MSFT200417P00250000,0,0,61.4,63.05,0,0.4649,-0.9027,0.0045,0
05/15/2020,MSFT200515C00095000,77.95,0,93.2,94.25,0,0.02,1,0.0001,19,95.000,MSFT200515P00095000,0.07,0,0,0.06,0,0.4891,-0.002,0.0001,54
05/15/2020,MSFT200515C00100000,63.1,0,88.15,89.45,0,0.02,1,0.0002,55,100.000,MSFT200515P00100000,0.07,0.04,0,0.09,1,0.4566,-0.0022,0.0002,62
05/15/2020,MSFT200515C00105000,79.17,0,83.15,84.55,0,0.02,0.997,0.0001,19,105.000,MSFT200515P00105000,0.11,0,0.05,0.1,0,0.4245,-0.0023,0.0002,106
05/15/2020,MSFT200515C00110000,76.1,1.925,78.2,79.6,1,0.02,0.9949,0.0003,44,110.000,MSFT200515P00110000,0.1,0,0.01,0.14,0,0.4352,-0.0053,0.0004,24
05/15/2020,MSFT200515C00115000,72.14,2.715,73.25,74.65,10,0.02,0.9927,0.0004,160,115.000,MSFT200515P00115000,0.14,0,0.05,0.19,0,0.4251,-0.0081,0.0005,549
05/15/2020,MSFT200515C00120000,63.2,0,68.3,69.75,0,0.02,0.9888,0.0007,249,120.000,MSFT200515P00120000,0.19,0.03,0.15,0.2,100,0.4156,-0.0121,0.0008,313
05/15/2020,MSFT200515C00125000,47.54,0,63.4,64.9,0,0.02,1,0.001,212,125.000,MSFT200515P00125000,0.25,0.02,0.17,0.25,142,0.3978,-0.016,0.001,1256
05/15/2020,MSFT200515C00130000,55.75,0,58.45,59.9,0,0.02,0.9807,0.0012,59,130.000,MSFT200515P00130000,0.35,0.02,0.25,0.33,5,0.3815,-0.0214,0.0014,760
05/15/2020,MSFT200515C00135000,53.37,3.645,53.45,55.25,36,0.02,1,0.0018,97,135.000,MSFT200515P00135000,0.41,-0.035,0.36,0.42,185,0.3642,-0.0281,0.0018,5667
05/15/2020,MSFT200515C00140000,46.85,1.9,48.6,50.4,1,0.02,1,0.0024,176,140.000,MSFT200515P00140000,0.5,-0.085,0.45,0.57,20,0.346,-0.0364,0.0024,1085
05/15/2020,MSFT200515C00145000,40.5,0.5,43.65,45.65,1,0.02,1,0.0031,1225,145.000,MSFT200515P00145000,0.67,-0.1,0.62,0.73,21,0.3339,-0.0497,0.0032,1394
05/15/2020,MSFT200515C00150000,39.03,3.63,38.95,41.15,15,0.2448,0.971,0.0027,879,150.000,MSFT200515P00150000,0.99,-0.09,0.88,0.97,55,0.3187,-0.0656,0.0042,3556
05/15/2020,MSFT200515C00155000,33.07,2.195,34.3,35.55,15,0.2535,0.9442,0.0045,1814,155.000,MSFT200515P00155000,1.32,-0.165,1.18,1.29,62,0.3071,-0.0883,0.0054,2873
05/15/2020,MSFT200515C00160000,29.14,2.69,29.6,31.4,61,0.2591,0.9073,0.0066,5297,160.000,MSFT200515P00160000,1.7,-0.38,1.65,1.79,72,0.2965,-0.1182,0.0069,2409
05/15/2020,MSFT200515C00165000,26.4,4.175,25.2,27.45,124,0.2561,0.8655,0.0087,2945,165.000,MSFT200515P00165000,2.4,-0.49,2.28,2.47,109,0.2882,-0.1575,0.0087,4408
05/15/2020,MSFT200515C00170000,21.85,3.5,21.55,23.2,419,0.2557,0.8105,0.0109,2815,170.000,MSFT200515P00170000,3.26,-0.74,3.15,3.4,126,0.2808,-0.2064,0.0105,2537
05/15/2020,MSFT200515C00175000,18.6,3.75,17.95,19.3,489,0.2535,0.7464,0.0131,2490,175.000,MSFT200515P00175000,4.4,-1.1,4.35,4.55,137,0.274,-0.2648,0.0124,653
05/15/2020,MSFT200515C00180000,15.2,3.45,14.85,15.35,728,0.2509,0.6734,0.0149,3493,180.000,MSFT200515P00180000,6,-1.4,5.85,6.15,130,0.2699,-0.333,0.014,567
05/15/2020,MSFT200515C00185000,12.1,3.05,11.95,12.25,1825,0.2494,0.5935,0.0161,9028,185.000,MSFT200515P00185000,8.26,-1.465,7.8,8.15,150,0.2661,-0.4075,0.0151,463
05/15/2020,MSFT200515C00190000,9.6,2.675,9.4,9.65,1878,0.2482,0.5107,0.0167,8209,190.000,MSFT200515P00190000,10.5,-2.025,10.2,10.5,89,0.2668,-0.4848,0.0155,280
05/15/2020,MSFT200515C00195000,7.33,2.155,7.2,7.5,791,0.248,0.4293,0.0164,8567,195.000,MSFT200515P00195000,13.45,-2.3,12.9,13.4,11,0.2672,-0.5604,0.0153,29
05/15/2020,MSFT200515C00200000,5.62,1.795,5.45,5.7,2988,0.249,0.3534,0.0155,8443,200.000,MSFT200515P00200000,17.7,-1.75,16.1,16.7,4,0.2666,-0.6324,0.0146,12
05/15/2020,MSFT200515C00210000,3.2,1.11,3.05,3.25,4301,0.2536,0.2285,0.0124,7882,210.000,MSFT200515P00210000,25.75,-2.025,23.1,25.1,3,0.2762,-0.7475,0.012,6
05/15/2020,MSFT200515C00220000,1.85,0.645,1.77,1.89,1431,0.2618,0.1435,0.009,4531,220.000,MSFT200515P00220000,0,0,32.05,33.9,0,0.2995,-0.8176,0.0091,0
05/15/2020,MSFT200515C00230000,1.12,0.34,1.06,1.21,1803,0.2741,0.0921,0.0063,2642,230.000,MSFT200515P00230000,0,0,41.65,43.2,0,0.3357,-0.8529,0.0071,0
05/15/2020,MSFT200515C00240000,0.76,0.23,0.73,0.82,299,0.2913,0.0632,0.0044,1363,240.000,MSFT200515P00240000,54.58,-2.045,51.45,52.85,1,0.3756,-0.8726,0.0057,1
05/15/2020,MSFT200515C00250000,0.56,0.14,0.54,0.6,1201,0.31,0.046,0.0032,3221,250.000,MSFT200515P00250000,64.48,-2.045,61.4,62.6,1,0.4186,-0.8832,0.0048,1
06/19/2020,MSFT200619C00050000,123,0,138.3,139.15,0,0.02,0.9955,0.0004,3,50.000,MSFT200619P00050000,0.01,0,0,0.02,0,0.6993,-0.0003,0,1530
06/19/2020,MSFT200619C00055000,97,0,133.35,134.1,0,0.02,0.9955,0.0005,64,55.000,MSFT200619P00055000,0.01,0,0,0.05,0,0.7129,-0.0009,0,1377
06/19/2020,MSFT200619C00060000,90.58,0,128.35,129.1,0,0.02,0.9955,0,17,60.000,MSFT200619P00060000,0.01,0,0,0.01,0,0.5904,-0.0003,0,861
06/19/2020,MSFT200619C00065000,103.5,0,123.35,124.1,0,0.02,0.9955,0,1,65.000,MSFT200619P00065000,0.01,-0.015,0,0.01,75,0.557,-0.0004,0,1476
06/19/2020,MSFT200619C00070000,101.9,0,118.4,119.1,0,0.02,0.9697,0.0005,29,70.000,MSFT200619P00070000,0.04,0,0.01,0.05,0,0.5931,-0.0014,0.0001,864
06/19/2020,MSFT200619C00075000,91,0,113.4,114.05,0,0.02,0.9955,0,4,75.000,MSFT200619P00075000,0.05,0,0.01,0.05,0,0.553,-0.0015,0.0001,1165
06/19/2020,MSFT200619C00080000,103.2,0,108.4,109.05,0,0.02,0.9955,0,249,80.000,MSFT200619P00080000,0.04,-0.005,0.03,0.07,1,0.5382,-0.0023,0.0001,1017
06/19/2020,MSFT200619C00085000,87.25,0,103.35,104.15,0,0.02,0.9794,0.0005,72,85.000,MSFT200619P00085000,0.05,0,0.04,0.06,0,0.5096,-0.0027,0.0001,1138
06/19/2020,MSFT200619C00090000,95,0.925,98.3,99.3,2,0.02,0.9808,0.0005,541,90.000,MSFT200619P00090000,0.05,0.02,0,0.08,48,0.4489,-0.0018,0.0001,2781
06/19/2020,MSFT200619C00092500,70.3,0,95.65,96.9,0,0.02,0.9827,0.0005,34,92.500,MSFT200619P00092500,0.12,0,0.01,0.1,0,0.4529,-0.0027,0.0002,1947
06/19/2020,MSFT200619C00095000,78.25,0,93.1,94.5,0,0.02,0.9829,0.0005,214,95.000,MSFT200619P00095000,0.1,0,0.05,0.11,0,0.4514,-0.0036,0.0002,3626
06/19/2020,MSFT200619C00097500,87.94,0,90.65,92,0,0.02,0.9829,0.0005,254,97.500,MSFT200619P00097500,0.08,0.005,0,0.12,10,0.4501,-0.0047,0.0003,1876
06/19/2020,MSFT200619C00100000,87,2.875,88.15,89.4,2,0.02,0.9858,0.0005,657,100.000,MSFT200619P00100000,0.1,0,0.09,0.13,0,0.4471,-0.0059,0.0003,8938
06/19/2020,MSFT200619C00105000,75.33,0,83.2,84.6,0,0.02,0.9811,0.0007,541,105.000,MSFT200619P00105000,0.14,-0.02,0.1,0.15,544,0.4277,-0.0075,0.0004,3139
06/19/2020,MSFT200619C00110000,76.88,2.78,78.35,79.35,43,0.02,0.9831,0.0007,2059,110.000,MSFT200619P00110000,0.17,-0.015,0.09,0.25,10,0.4112,-0.0099,0.0006,9363
06/19/2020,MSFT200619C00115000,72.2,2.825,73.35,74.75,26,0.02,0.9742,0.001,1462,115.000,MSFT200619P00115000,0.26,0.03,0.17,0.25,1,0.3951,-0.013,0.0008,8077
06/19/2020,MSFT200619C00120000,68.05,3.6,68.45,69.7,4,0.02,1,0.0012,2323,120.000,MSFT200619P00120000,0.27,0,0.25,0.31,0,0.3791,-0.017,0.001,8875
06/19/2020,MSFT200619C00125000,63.75,4.125,63.4,65,21,0.02,1,0.0015,5319,125.000,MSFT200619P00125000,0.35,-0.065,0.33,0.4,5,0.3665,-0.0228,0.0013,5612
06/19/2020,MSFT200619C00130000,58.7,4.025,58.5,60.2,17,0.02,1,0.0019,3199,130.000,MSFT200619P00130000,0.48,-0.035,0.44,0.49,66,0.3506,-0.0292,0.0017,6774
06/19/2020,MSFT200619C00135000,53.94,3.99,53.6,55.4,19,0.2965,0.9722,0.0016,3070,135.000,MSFT200619P00135000,0.68,-0.005,0.56,0.67,23,0.3376,-0.0383,0.0022,6667
06/19/2020,MSFT200619C00140000,49.65,4.525,48.75,50.2,64,0.2899,0.9612,0.0023,10046,140.000,MSFT200619P00140000,0.83,-0.045,0.72,0.85,70,0.3258,-0.0504,0.0028,8340
06/19/2020,MSFT200619C00145000,44.26,3.835,43.9,45.25,85,0.2814,0.9472,0.0032,6852,145.000,MSFT200619P00145000,1.02,-0.145,0.97,1.09,32,0.312,-0.0647,0.0036,8749
06/19/2020,MSFT200619C00150000,40.01,4.235,39.35,40.55,101,0.2777,0.9257,0.0043,9844,150.000,MSFT200619P00150000,1.36,-0.215,1.31,1.43,281,0.3006,-0.0841,0.0046,7032
06/19/2020,MSFT200619C00155000,35.5,4.1,35.45,36.05,75,0.2731,0.8985,0.0056,6900,155.000,MSFT200619P00155000,1.84,-0.27,1.76,1.89,354,0.2912,-0.1097,0.0057,8364
06/19/2020,MSFT200619C00160000,30.5,3.45,31.05,31.75,93,0.2679,0.8646,0.007,8222,160.000,MSFT200619P00160000,2.44,-0.41,2.35,2.44,180,0.2819,-0.1412,0.007,3502
06/19/2020,MSFT200619C00165000,27,4,26.85,27.2,781,0.2595,0.8257,0.0086,7573,165.000,MSFT200619P00165000,3.25,-0.575,3.1,3.25,422,0.2755,-0.1817,0.0085,3976
06/19/2020,MSFT200619C00170000,23.2,3.925,22.95,23.5,267,0.2548,0.7759,0.0103,11918,170.000,MSFT200619P00170000,4.2,-0.85,4.15,4.4,585,0.2687,-0.2291,0.01,1656
06/19/2020,MSFT200619C00175000,19.55,3.65,19.3,19.8,311,0.2522,0.7171,0.0118,7328,175.000,MSFT200619P00175000,5.6,-1.05,5.5,5.75,934,0.2626,-0.2841,0.0114,1242
06/19/2020,MSFT200619C00180000,16.2,3.35,16.05,16.5,2133,0.2485,0.6527,0.0131,10502,180.000,MSFT200619P00180000,7.23,-1.42,7.2,7.4,770,0.2592,-0.3466,0.0126,923
06/19/2020,MSFT200619C00185000,13.32,3.07,13.05,13.5,2213,0.2456,0.5831,0.014,5381,185.000,MSFT200619P00185000,9.3,-1.725,9.15,9.45,1522,0.2587,-0.4137,0.0133,4361
06/19/2020,MSFT200619C00190000,10.74,2.69,10.5,10.85,2168,0.2438,0.5112,0.0145,3124,190.000,MSFT200619P00190000,11.66,-2.115,11.6,11.9,1085,0.2554,-0.4823,0.0138,1783
06/19/2020,MSFT200619C00195000,8.55,2.325,8.4,8.7,1103,0.243,0.4401,0.0144,21927,195.000,MSFT200619P00195000,15.36,-1.565,14.2,14.8,10,0.2553,-0.5499,0.0137,272
06/19/2020,MSFT200619C00200000,6.75,1.975,6.6,6.9,1883,0.2419,0.3719,0.0138,3229,200.000,MSFT200619P00200000,18.1,-2.425,17.3,17.95,35,0.2557,-0.614,0.0132,70
06/19/2020,MSFT200619C00210000,4.25,1.46,4.05,4.25,1290,0.2444,0.256,0.0117,4056,210.000,MSFT200619P00210000,31.29,0,24.5,26,0,0.2609,-0.7229,0.0113,1
06/19/2020,MSFT200619C00220000,2.5,0.835,2.37,2.54,1651,0.2494,0.1706,0.009,7796,220.000,MSFT200619P00220000,34.99,-2.31,32.6,34.6,362,0.2765,-0.796,0.009,415
06/19/2020,MSFT200619C00230000,1.54,0.51,1.48,1.57,239,0.2578,0.1142,0.0066,590,230.000,MSFT200619P00230000,44.25,-2.675,42.4,43.6,377,0.2935,-0.846,0.007,420
06/19/2020,MSFT200619C00240000,1.08,0.39,0.97,1.11,894,0.2701,0.0798,0.0049,1620,240.000,MSFT200619P00240000,52.65,-4.075,51.85,53,197,0.3214,-0.8713,0.0057,207
06/19/2020,MSFT200619C00250000,0.76,0.76,0.73,0.8,285,0.2841,0.0582,0.0036,281,250.000,MSFT200619P00250000,0,0,61.4,62.8,0,0.3566,-0.8828,0.0048,0
07/17/2020,MSFT200717C00085000,99.6,0.525,103.2,104.3,3,0.02,0.9905,0.0002,7,85.000,MSFT200717P00085000,0.2,0,0,0.17,0,0.4792,-0.0035,0.0002,6
07/17/2020,MSFT200717C00090000,0,0,98.15,99.4,0,0.02,0.9889,0.0003,0,90.000,MSFT200717P00090000,0.16,0,0,0.21,0,0.4542,-0.0042,0.0002,5
07/17/2020,MSFT200717C00095000,68.1,0,93.1,94.35,0,0.02,0.9955,0,10,95.000,MSFT200717P00095000,0.15,0,0,0.26,0,0.4397,-0.0058,0.0003,1
07/17/2020,MSFT200717C00100000,73.3,0,88.15,89.55,0,0.02,0.9853,0.0005,30,100.000,MSFT200717P00100000,0.13,0,0,0.33,0,0.4111,-0.0063,0.0003,244
07/17/2020,MSFT200717C00105000,0,0,83.15,84.55,0,0.02,0.9849,0.0005,0,105.000,MSFT200717P00105000,0.25,0,0.01,0.31,0,0.3994,-0.0088,0.0005,86
07/17/2020,MSFT200717C00110000,70.2,0,78.3,79.45,0,0.02,1,0.0006,18,110.000,MSFT200717P00110000,0.25,0,0.06,0.27,0,0.3722,-0.0097,0.0006,52
07/17/2020,MSFT200717C00115000,72.5,2.975,73.25,75,3,0.02,1,0.001,11,115.000,MSFT200717P00115000,0.33,0,0.25,0.47,0,0.3887,-0.019,0.001,113
07/17/2020,MSFT200717C00120000,59.6,0,68.3,70.15,0,0.02,1,0.0013,384,120.000,MSFT200717P00120000,0.35,-0.025,0.23,0.47,5,0.357,-0.0199,0.0011,223
07/17/2020,MSFT200717C00125000,62.47,2.67,63.35,65.3,3,0.02,1,0.0016,63,125.000,MSFT200717P00125000,0.41,-0.085,0.36,0.53,10,0.3446,-0.026,0.0014,1237
07/17/2020,MSFT200717C00130000,50.8,0,58.55,60.3,0,0.05,0.9955,0,462,130.000,MSFT200717P00130000,0.58,-0.06,0.5,0.67,456,0.3335,-0.0343,0.0018,1001
07/17/2020,MSFT200717C00135000,53,2.85,53.65,54.9,7,0.1821,0.9935,0.0003,38,135.000,MSFT200717P00135000,0.85,0.025,0.62,0.91,5,0.3204,-0.0439,0.0023,947
07/17/2020,MSFT200717C00140000,49.3,4,48.8,50.95,1,0.2364,0.9735,0.0018,338,140.000,MSFT200717P00140000,1.04,-0.055,0.9,1.06,32,0.311,-0.0576,0.003,4014
07/17/2020,MSFT200717C00145000,43.04,2.19,43.9,46.35,5,0.2536,0.9489,0.0031,180,145.000,MSFT200717P00145000,1.22,-0.25,1.21,1.38,19,0.3006,-0.0742,0.0038,536
07/17/2020,MSFT200717C00150000,40.1,3.825,39.4,41,280,0.262,0.9197,0.0044,571,150.000,MSFT200717P00150000,1.7,-0.24,1.7,1.82,184,0.2919,-0.0958,0.0047,669
07/17/2020,MSFT200717C00155000,35.8,3.775,34.95,36.7,44,0.2634,0.8877,0.0057,656,155.000,MSFT200717P00155000,2.3,-0.295,2.05,2.38,63,0.2831,-0.122,0.0058,1419
07/17/2020,MSFT200717C00160000,31.38,3.605,30.75,32.35,262,0.2595,0.8528,0.007,1190,160.000,MSFT200717P00160000,3.03,-0.42,2.7,3.1,138,0.2762,-0.1551,0.0069,1608
07/17/2020,MSFT200717C00165000,27.47,3.52,26.9,28.25,77,0.2563,0.8107,0.0084,1531,165.000,MSFT200717P00165000,4,-0.525,3.65,4,13,0.2707,-0.1951,0.0082,1822
07/17/2020,MSFT200717C00170000,23.9,3.6,23.1,24.85,314,0.2527,0.7624,0.0097,1761,170.000,MSFT200717P00170000,5.15,-0.75,4.85,5.15,36,0.2649,-0.241,0.0095,1955
07/17/2020,MSFT200717C00175000,20.3,3.275,20.05,21.05,98,0.2494,0.7077,0.011,2046,175.000,MSFT200717P00175000,6.55,-1.025,6.05,6.7,21,0.2611,-0.2938,0.0106,371
07/17/2020,MSFT200717C00180000,17.38,3.28,17.1,17.6,387,0.2462,0.6477,0.0121,1693,180.000,MSFT200717P00180000,8.2,-1.425,7.75,8.3,47,0.2588,-0.3517,0.0115,177
07/17/2020,MSFT200717C00185000,14.5,3.025,13.9,14.7,391,0.2443,0.5838,0.0128,1238,185.000,MSFT200717P00185000,10.5,-1.5,9.85,10.4,27,0.2559,-0.4126,0.0122,92
07/17/2020,MSFT200717C00190000,11.94,2.715,11.7,12,838,0.2424,0.5182,0.0132,3324,190.000,MSFT200717P00190000,13.58,-1.145,12.5,12.9,80,0.2543,-0.4752,0.0126,85
07/17/2020,MSFT200717C00195000,9.6,2.225,9.5,9.85,480,0.2416,0.4533,0.0132,1642,195.000,MSFT200717P00195000,17.8,-0.075,14.7,15.7,1,0.253,-0.5373,0.0126,6
07/17/2020,MSFT200717C00200000,7.9,2.125,7.75,7.9,783,0.2406,0.3906,0.0128,3784,200.000,MSFT200717P00200000,19.86,-1.415,17.85,18.8,5,0.2518,-0.5975,0.0123,24
07/17/2020,MSFT200717C00210000,4.92,1.395,4.9,5.15,3777,0.2412,0.2798,0.0112,4873,210.000,MSFT200717P00210000,41.6,0,24.75,26.8,0,0.2554,-0.7016,0.0108,1
07/17/2020,MSFT200717C00220000,3.1,0.98,3,3.15,1175,0.2448,0.1947,0.009,15467,220.000,MSFT200717P00220000,41.75,0,32.8,35.15,0,0.2652,-0.7784,0.0089,10
07/17/2020,MSFT200717C00230000,2.05,0.71,1.89,2.17,306,0.2498,0.1334,0.0069,411,230.000,MSFT200717P00230000,47.35,0,42.65,43.85,0,0.2788,-0.8312,0.0071,54
07/17/2020,MSFT200717C00240000,1.38,0.48,1.25,1.51,314,0.257,0.0924,0.0052,593,240.000,MSFT200717P00240000,54.35,-2.55,51.9,53.3,61,0.3046,-0.8577,0.0058,141
07/17/2020,MSFT200717C00250000,0.95,0.95,0.89,1.1,80,0.2661,0.0658,0.0039,78,250.000,MSFT200717P00250000,0,0,61.4,62.95,0,0.3366,-0.8707,0.0049,0
09/18/2020,MSFT200918C00060000,95.2,0,128.1,129.3,0,0.02,1,0.0003,1,60.000,MSFT200918P00060000,0.05,0,0,0.03,0,0.4854,-0.0006,0,2498
09/18/2020,MSFT200918C00065000,90.09,0,123.15,124.3,0,0.02,0.993,0,4,65.000,MSFT200918P00065000,0.05,0,0,0.07,0,0.4883,-0.0013,0.0001,711
09/18/2020,MSFT200918C00070000,68.35,0,118.15,119.3,0,0.02,0.993,0,0,70.000,MSFT200918P00070000,0.07,-0.015,0.05,0.09,1,0.4798,-0.0022,0.0001,324
09/18/2020,MSFT200918C00075000,65.9,0,113.15,114.35,0,0.02,0.9806,0.0004,0,75.000,MSFT200918P00075000,0.09,0,0,0.13,0,0.4638,-0.003,0.0001,255
09/18/2020,MSFT200918C00080000,68.06,0,108.05,109.45,0,0.02,0.9833,0.0003,181,80.000,MSFT200918P00080000,0.1,0,0,0.16,0,0.4408,-0.0036,0.0002,869
09/18/2020,MSFT200918C00085000,66.93,0,102.95,104.6,0,0.02,0.984,0.0004,13,85.000,MSFT200918P00085000,0.14,0,0.05,0.19,0,0.4337,-0.0055,0.0002,1180
09/18/2020,MSFT200918C00090000,78.98,0,97.9,99.75,0,0.02,0.9826,0.0004,12,90.000,MSFT200918P00090000,0.16,0,0.1,0.24,0,0.4212,-0.0075,0.0003,313
09/18/2020,MSFT200918C00095000,85.85,0,92.8,94.95,0,0.02,1,0.0005,182,95.000,MSFT200918P00095000,0.22,0,0.21,0.29,0,0.4149,-0.0108,0.0005,537
09/18/2020,MSFT200918C00100000,85.47,0.995,87.9,90.05,15,0.02,1,0.0007,293,100.000,MSFT200918P00100000,0.28,0.025,0.2,0.32,7,0.3892,-0.0119,0.0005,2088
09/18/2020,MSFT200918C00105000,65.65,0,82.85,85.35,0,0.02,1,0.0009,108,105.000,MSFT200918P00105000,0.32,-0.06,0.3,0.42,11,0.3809,-0.0163,0.0007,677
09/18/2020,MSFT200918C00110000,73.57,0,77.95,80.5,0,0.02,1,0.0011,222,110.000,MSFT200918P00110000,0.4,-0.06,0.35,0.5,3,0.3643,-0.0198,0.0009,4984
09/18/2020,MSFT200918C00115000,73.41,3.81,73.1,75.7,4,0.02,1,0.0013,161,115.000,MSFT200918P00115000,0.61,0,0.44,0.61,0,0.3516,-0.025,0.0011,1461
09/18/2020,MSFT200918C00120000,58.77,0,68.25,70.9,0,0.02,1,0.0016,645,120.000,MSFT200918P00120000,0.72,0,0.58,0.73,0,0.341,-0.0321,0.0014,2291
09/18/2020,MSFT200918C00125000,62.91,3.135,63.45,66.15,6,0.2766,0.9722,0.0012,1048,125.000,MSFT200918P00125000,0.88,-0.035,0.76,0.92,12,0.3299,-0.0404,0.0018,2857
09/18/2020,MSFT200918C00130000,54.05,0,58.7,61.4,0,0.2949,0.9532,0.002,577,130.000,MSFT200918P00130000,1.16,-0.01,1.01,1.15,42,0.3205,-0.0513,0.0022,3954
09/18/2020,MSFT200918C00135000,54.5,3.85,54.1,56.45,8,0.2657,0.952,0.0023,1228,135.000,MSFT200918P00135000,1.35,-0.16,1.29,1.44,75,0.3101,-0.0639,0.0027,1667
09/18/2020,MSFT200918C00140000,48.55,2.275,49.45,51.75,6,0.2802,0.9253,0.0032,2719,140.000,MSFT200918P00140000,1.75,-0.175,1.66,1.82,33,0.3021,-0.0804,0.0034,1792
09/18/2020,MSFT200918C00145000,44,2.125,44.85,47.35,3,0.2642,0.9123,0.0039,926,145.000,MSFT200918P00145000,2.22,-0.24,2.1,2.29,4,0.2934,-0.0998,0.0041,904
09/18/2020,MSFT200918C00150000,41.32,3.745,40.6,42.2,10,0.2772,0.8756,0.0048,994,150.000,MSFT200918P00150000,2.93,-0.195,2.67,2.89,13,0.2861,-0.1235,0.0048,1008
09/18/2020,MSFT200918C00155000,36.83,3.405,36.4,38.15,19,0.2708,0.8474,0.0057,3583,155.000,MSFT200918P00155000,3.6,-0.375,3.4,3.65,57,0.2792,-0.1514,0.0057,771
09/18/2020,MSFT200918C00160000,33.26,3.735,32.35,34.1,24,0.2657,0.8138,0.0067,1611,160.000,MSFT200918P00160000,4.5,-0.45,4.3,4.55,44,0.2742,-0.1849,0.0066,1585
09/18/2020,MSFT200918C00165000,29.67,3.82,28.5,30.3,70,0.2628,0.7742,0.0076,2595,165.000,MSFT200918P00165000,5.69,-0.56,5.4,5.65,186,0.2684,-0.2224,0.0075,1409
09/18/2020,MSFT200918C00170000,25.65,3.325,25.65,26.55,1065,0.2562,0.7324,0.0086,4237,170.000,MSFT200918P00170000,6.78,-0.97,6.7,7,54,0.2639,-0.2647,0.0084,794
09/18/2020,MSFT200918C00175000,22.5,3.325,22.35,23,75,0.2534,0.6844,0.0094,1830,175.000,MSFT200918P00175000,9,-0.5,8.3,8.7,181,0.2603,-0.3114,0.0092,384
09/18/2020,MSFT200918C00180000,19.05,2.725,19.35,19.95,1154,0.25,0.6335,0.0101,3889,180.000,MSFT200918P00180000,10.87,-0.755,10.15,10.65,29,0.2569,-0.3611,0.0099,619
09/18/2020,MSFT200918C00185000,16.75,3.025,16.5,17,287,0.2469,0.58,0.0107,1791,185.000,MSFT200918P00185000,12.6,-1.325,12.25,12.75,91,0.2538,-0.4132,0.0104,789
09/18/2020,MSFT200918C00190000,14.2,2.8,13.9,14.45,380,0.2453,0.5253,0.011,1298,190.000,MSFT200918P00190000,15,-1.8,14.7,15.3,88,0.251,-0.4667,0.0107,126
09/18/2020,MSFT200918C00195000,12,2.55,11.8,12,304,0.2433,0.4706,0.0111,1240,195.000,MSFT200918P00195000,18.4,-1.3,17.15,18.05,36,0.2488,-0.5202,0.0108,108
09/18/2020,MSFT200918C00200000,10.4,2.675,9.95,10.1,1297,0.242,0.4173,0.0109,4610,200.000,MSFT200918P00200000,20.89,-2.21,20.05,21,5,0.2482,-0.5719,0.0107,164
09/18/2020,MSFT200918C00210000,6.75,1.625,6.55,7.05,311,0.2404,0.3189,0.0101,977,210.000,MSFT200918P00210000,0,0,26.85,28.3,0,0.2479,-0.6672,0.0099,0
09/18/2020,MSFT200918C00220000,4.6,1.25,4.6,4.65,836,0.2392,0.2348,0.0087,2764,220.000,MSFT200918P00220000,47,0,34.15,36.25,0,0.2572,-0.7383,0.0085,22
09/18/2020,MSFT200918C00230000,2.95,0.775,3,3.3,141,0.2418,0.1713,0.0071,164,230.000,MSFT200918P00230000,0,0,42.85,44.75,0,0.2643,-0.796,0.0071,0
09/18/2020,MSFT200918C00240000,2.1,0.62,1.97,2.17,1267,0.2441,0.1226,0.0057,1587,240.000,MSFT200918P00240000,55.75,0,52.2,53.75,0,0.2725,-0.8394,0.0059,154
09/18/2020,MSFT200918C00250000,1.44,1.44,1.29,1.58,986,0.2488,0.089,0.0044,938,250.000,MSFT200918P00250000,64.05,64.05,61.55,63.35,13,0.2931,-0.8601,0.005,11
12/18/2020,MSFT201218C00105000,0,0,83.1,86.05,0,0.2723,0.9854,0.0004,0,105.000,MSFT201218P00105000,0.7,0.7,0.35,0.97,1,0.3597,-0.0257,0.001,1
12/18/2020,MSFT201218C00110000,0,0,77.95,81.4,0,0.2679,0.982,0.0006,0,110.000,MSFT201218P00110000,0,0,0.51,1.14,0,0.3494,-0.0321,0.0012,0
12/18/2020,MSFT201218C00115000,0,0,73.2,76.65,0,0.2817,0.9721,0.001,0,115.000,MSFT201218P00115000,1.04,1.04,0.71,1.34,4,0.3402,-0.0399,0.0014,4
12/18/2020,MSFT201218C00120000,0,0,68.45,72,0,0.2823,0.9625,0.0014,0,120.000,MSFT201218P00120000,1.3,-0.145,1.14,1.59,2,0.3325,-0.0498,0.0018,126
12/18/2020,MSFT201218C00125000,0,0,63.85,67.05,0,0.3089,0.938,0.002,0,125.000,MSFT201218P00125000,0,0,1.23,1.92,0,0.3232,-0.0607,0.0021,0
12/18/2020,MSFT201218C00130000,0,0,59.2,62.75,0,0.2796,0.9366,0.0023,0,130.000,MSFT201218P00130000,2.02,-0.18,1.79,2.31,21,0.3129,-0.0729,0.0025,20
12/18/2020,MSFT201218C00135000,0,0,54.7,58.25,0,0.2816,0.9171,0.0029,0,135.000,MSFT201218P00135000,2.51,-0.17,1.99,2.81,34,0.3054,-0.0886,0.003,84
12/18/2020,MSFT201218C00140000,50.66,2.785,50.35,53.7,1,0.284,0.8938,0.0035,1,140.000,MSFT201218P00140000,3.2,-0.1,2.46,3.4,46,0.2964,-0.1058,0.0035,105
12/18/2020,MSFT201218C00145000,0,0,46.15,49.25,0,0.2791,0.8719,0.0041,0,145.000,MSFT201218P00145000,3.8,-0.275,3.2,4.1,10,0.2919,-0.1283,0.0041,10
12/18/2020,MSFT201218C00150000,40.45,0,42.05,45.1,0,0.2736,0.8472,0.0048,8,150.000,MSFT201218P00150000,4.53,-0.395,4,4.85,19,0.2858,-0.1527,0.0047,52
12/18/2020,MSFT201218C00155000,35.2,0,38.1,41.05,0,0.2713,0.8172,0.0054,2,155.000,MSFT201218P00155000,5.65,-0.3,4.9,5.85,28,0.2807,-0.1807,0.0054,31
12/18/2020,MSFT201218C00160000,34.56,2.735,34.3,37.1,148,0.2669,0.7854,0.0061,156,160.000,MSFT201218P00160000,7.41,0,5.95,6.85,0,0.2752,-0.2115,0.006,1
12/18/2020,MSFT201218C00165000,31.25,2.9,30.65,33.5,148,0.2631,0.7502,0.0068,143,165.000,MSFT201218P00165000,8.15,-0.425,7,8.45,1,0.2709,-0.2459,0.0066,9
12/18/2020,MSFT201218C00170000,28.5,3.2,27.35,30.1,12,0.2582,0.7125,0.0074,11,170.000,MSFT201218P00170000,9.42,-0.855,8.6,9.95,9,0.2669,-0.2832,0.0072,245
12/18/2020,MSFT201218C00175000,23.7,1.525,24.1,26.85,3,0.2567,0.6709,0.008,857,175.000,MSFT201218P00175000,11.25,-0.925,10.3,11.6,9,0.2618,-0.3226,0.0078,13
12/18/2020,MSFT201218C00180000,21.49,2.215,21.15,23.8,21,0.2534,0.6281,0.0084,34,180.000,MSFT201218P00180000,13.45,-0.825,12.2,13.55,8,0.2591,-0.3648,0.0083,9
12/18/2020,MSFT201218C00185000,19.25,2.45,18.45,21,41,0.2502,0.5836,0.0088,895,185.000,MSFT201218P00185000,15.95,-0.675,14.3,15.75,4,0.2576,-0.4083,0.0086,8
12/18/2020,MSFT201218C00190000,17.05,2.525,16.1,17.95,43,0.2486,0.5383,0.0091,128,190.000,MSFT201218P00190000,0,0,16.55,18.2,0,0.2551,-0.4525,0.0088,0
12/18/2020,MSFT201218C00195000,14.64,2.24,13.95,15.55,127,0.2474,0.4932,0.0092,310,195.000,MSFT201218P00195000,21.12,-1.18,19.15,20.85,1,0.2535,-0.4966,0.0089,2
12/18/2020,MSFT201218C00200000,12.71,2.035,12.45,13.3,146,0.2452,0.4483,0.0092,299,200.000,MSFT201218P00200000,23.74,-1.76,22.05,24.35,2,0.2524,-0.5398,0.0089,3
12/18/2020,MSFT201218C00210000,9.3,1.625,9.25,9.85,806,0.243,0.3635,0.0088,929,210.000,MSFT201218P00210000,0,0,28.55,31,0,0.2497,-0.6227,0.0086,0
12/18/2020,MSFT201218C00220000,6.75,1.1,6.75,7.3,210,0.2415,0.2877,0.0081,256,220.000,MSFT201218P00220000,0,0,35.7,38.55,0,0.2495,-0.6957,0.0079,0
12/18/2020,MSFT201218C00230000,4.9,4.9,4.9,5.25,61,0.2411,0.2237,0.0071,43,230.000,MSFT201218P00230000,0,0,43.55,46.35,0,0.2518,-0.7557,0.007,0
12/18/2020,MSFT201218C00240000,3.5,3.5,3.25,4.05,16,0.2423,0.1725,0.006,16,240.000,MSFT201218P00240000,0,0,52.55,55.2,0,0.2606,-0.7978,0.006,0
12/18/2020,MSFT201218C00250000,2.54,2.54,2.42,3.1,58,0.2452,0.1335,0.005,58,250.000,MSFT201218P00250000,64.6,64.6,62,64.25,2,0.2714,-0.8287,0.0052,1
01/15/2021,MSFT210115C00050000,127.25,0,137.85,139.65,0,0.02,1,0.0002,92,50.000,MSFT210115P00050000,0.03,-0.005,0.03,0.07,502,0.5109,-0.0016,0.0001,2658
01/15/2021,MSFT210115C00055000,120.2,0,132.8,134.65,0,0.02,1,0,20,55.000,MSFT210115P00055000,0.07,0,0.05,0.12,0,0.5044,-0.0026,0.0001,2744
01/15/2021,MSFT210115C00060000,112.5,0,127.8,129.65,0,0.02,1,0,92,60.000,MSFT210115P00060000,0.14,0,0.03,0.15,0,0.4736,-0.003,0.0001,823
01/15/2021,MSFT210115C00065000,105.9,0,122.85,124.65,0,0.02,1,0.0002,69,65.000,MSFT210115P00065000,0.16,0,0.05,0.19,0,0.4598,-0.0042,0.0001,1770
01/15/2021,MSFT210115C00070000,117.72,3.67,117.75,119.7,1,0.02,1,0,351,70.000,MSFT210115P00070000,0.2,0,0.05,0.23,0,0.4361,-0.0049,0.0002,2042
01/15/2021,MSFT210115C00075000,107.85,-1.225,112.75,114.75,1,0.02,1,0.0002,614,75.000,MSFT210115P00075000,0.25,0,0.09,0.29,0,0.4236,-0.0066,0.0002,1538
01/15/2021,MSFT210115C00080000,102.25,0,107.7,110,0,0.02,1,0.0004,941,80.000,MSFT210115P00080000,0.29,0,0.15,0.35,0,0.4113,-0.0087,0.0003,6577
01/15/2021,MSFT210115C00085000,103.3,4,102.8,104.85,17,0.02,1,0.0004,2588,85.000,MSFT210115P00085000,0.32,-0.05,0.2,0.4,5,0.4032,-0.0119,0.0004,2925
01/15/2021,MSFT210115C00090000,98,3.575,97.65,100.5,5,0.02,1,0.0006,990,90.000,MSFT210115P00090000,0.44,0.005,0.34,0.51,20,0.3917,-0.0152,0.0005,5530
01/15/2021,MSFT210115C00092500,87.96,0,95.15,98.05,0,0.02,1,0.0006,97,92.500,MSFT210115P00092500,0.45,0,0.35,0.57,0,0.3846,-0.0168,0.0006,2005
01/15/2021,MSFT210115C00095000,85.57,0,92.65,95.65,0,0.02,1,0.0007,456,95.000,MSFT210115P00095000,0.59,0,0.41,0.61,0,0.378,-0.0187,0.0007,3819
01/15/2021,MSFT210115C00097500,54.26,0,90.2,93.2,0,0.02,1,0.0008,839,97.500,MSFT210115P00097500,0.66,0,0.48,0.67,0,0.3712,-0.0206,0.0007,1984
01/15/2021,MSFT210115C00100000,89.19,4.665,87.85,90.7,64,0.3005,0.982,0.0005,2007,100.000,MSFT210115P00100000,0.67,-0.04,0.63,0.72,62,0.3684,-0.0237,0.0008,12326
01/15/2021,MSFT210115C00105000,81.45,1.575,83.05,85.9,2,0.02,1,0.001,3261,105.000,MSFT210115P00105000,0.8,-0.035,0.75,0.88,10,0.3559,-0.0289,0.001,15380
01/15/2021,MSFT210115C00110000,77.58,2.555,78.3,81.1,34,0.2959,0.9713,0.0009,2657,110.000,MSFT210115P00110000,0.97,-0.085,0.89,1.07,32,0.3449,-0.0353,0.0012,8972
01/15/2021,MSFT210115C00115000,74.2,4.1,73.4,76.5,2,0.2824,0.9672,0.0011,3265,115.000,MSFT210115P00115000,1.18,-0.095,1.1,1.26,25,0.3352,-0.0434,0.0015,7165
01/15/2021,MSFT210115C00120000,68.77,2.77,68.75,71.85,5,0.2739,0.9604,0.0014,8861,120.000,MSFT210115P00120000,1.41,-0.17,1.4,1.54,25,0.3234,-0.0518,0.0018,12213
01/15/2021,MSFT210115C00125000,65.15,4.2,64.6,67.05,17,0.2916,0.9394,0.002,5837,125.000,MSFT210115P00125000,1.77,-0.125,1.7,1.82,47,0.3151,-0.0633,0.0022,10680
01/15/2021,MSFT210115C00130000,60.95,4.075,59.85,61.95,28,0.294,0.9216,0.0025,4303,130.000,MSFT210115P00130000,2.18,-0.175,2.1,2.24,21,0.3079,-0.0771,0.0026,9631
01/15/2021,MSFT210115C00135000,55.31,2.76,55.7,58.1,56,0.2876,0.9058,0.003,5399,135.000,MSFT210115P00135000,2.75,-0.12,2.45,2.75,192,0.2994,-0.0923,0.003,7130
01/15/2021,MSFT210115C00140000,51.5,3.25,51.1,53,58,0.2809,0.8877,0.0035,6846,140.000,MSFT210115P00140000,3.25,-0.325,3.15,3.3,19,0.2934,-0.1113,0.0035,7980
01/15/2021,MSFT210115C00145000,47.62,3.545,46.85,48.75,28,0.2756,0.8659,0.0041,4428,145.000,MSFT210115P00145000,4.1,-0.225,3.8,4.05,72,0.287,-0.1326,0.0041,4322
01/15/2021,MSFT210115C00150000,44.09,4.09,42.9,44.65,468,0.2728,0.8396,0.0047,7113,150.000,MSFT210115P00150000,4.8,-0.425,4.6,4.85,196,0.281,-0.1569,0.0047,3714
01/15/2021,MSFT210115C00155000,40.2,4.05,38.9,40.65,359,0.2688,0.811,0.0053,4615,155.000,MSFT210115P00155000,5.85,-0.475,5.6,5.9,35,0.2765,-0.185,0.0053,4724
01/15/2021,MSFT210115C00160000,36.15,3.725,35.2,36.85,564,0.2657,0.7791,0.006,8138,160.000,MSFT210115P00160000,7,-0.575,6.75,7,56,0.271,-0.2153,0.0059,4081
01/15/2021,MSFT210115C00165000,32.64,3.69,31.65,33,989,0.2629,0.7442,0.0066,11669,165.000,MSFT210115P00165000,8.15,-0.875,8.05,8.35,252,0.2668,-0.249,0.0065,3154
01/15/2021,MSFT210115C00170000,29.5,3.85,28.85,29.8,177,0.2603,0.7068,0.0071,7080,170.000,MSFT210115P00170000,9.88,-0.845,9.45,9.9,20,0.2646,-0.2862,0.007,1597
01/15/2021,MSFT210115C00175000,25.95,3.3,25.85,26.55,378,0.2554,0.668,0.0077,14536,175.000,MSFT210115P00175000,11.6,-1.075,11.15,11.8,52,0.2604,-0.3247,0.0075,658
01/15/2021,MSFT210115C00180000,23.36,3.435,22.9,23.4,475,0.2522,0.6266,0.0081,7681,180.000,MSFT210115P00180000,14.2,-0.625,13.2,13.9,84,0.2578,-0.3654,0.008,952
01/15/2021,MSFT210115C00185000,20.5,3.125,20.15,21,394,0.2502,0.5838,0.0085,9099,185.000,MSFT210115P00185000,15.81,-1.415,15.3,16.15,171,0.2544,-0.4074,0.0083,417
01/15/2021,MSFT210115C00190000,18,2.9,17.65,18.3,2996,0.2481,0.5403,0.0087,8335,190.000,MSFT210115P00190000,18.34,-1.535,17.75,18.8,356,0.2523,-0.4501,0.0085,475
01/15/2021,MSFT210115C00195000,16,2.95,15.4,16.05,431,0.2455,0.4966,0.0088,4719,195.000,MSFT210115P00195000,20.82,-1.93,20.35,21.55,279,0.2496,-0.4932,0.0087,438
01/15/2021,MSFT210115C00200000,13.75,2.575,13.35,13.95,768,0.2453,0.4542,0.0088,5765,200.000,MSFT210115P00200000,23.99,-1.885,23.2,24.55,6,0.2486,-0.5352,0.0087,1394
01/15/2021,MSFT210115C00210000,10.17,1.97,9.85,10.5,269,0.2414,0.3713,0.0085,2069,210.000,MSFT210115P00210000,32.82,-0.005,29.7,31.1,10,0.2469,-0.6153,0.0084,30
01/15/2021,MSFT210115C00220000,7.6,1.725,7.35,7.6,564,0.2404,0.298,0.0079,3660,220.000,MSFT210115P00220000,44,0,36.85,38.55,0,0.2471,-0.6861,0.0077,72
01/15/2021,MSFT210115C00230000,5.5,1.325,5.2,5.75,133,0.2404,0.2355,0.007,302,230.000,MSFT210115P00230000,0,0,44.25,46.6,0,0.2491,-0.7455,0.0069,0
01/15/2021,MSFT210115C00240000,3.95,0.9,3.85,4.25,483,0.2399,0.1825,0.006,1267,240.000,MSFT210115P00240000,0,0,52.8,55.2,0,0.2548,-0.7906,0.006,0
01/15/2021,MSFT210115C00250000,3,3,2.88,3.1,452,0.2418,0.142,0.0051,377,250.000,MSFT210115P00250000,64.8,64.8,62.05,64.2,2,0.2659,-0.821,0.0052,1
03/19/2021,MSFT210319C00065000,96,0,122.65,124.8,0,0.02,1,0,5,65.000,MSFT210319P00065000,0.11,0,0,0.44,0,0.4567,-0.0065,0.0002,1130
03/19/2021,MSFT210319C00070000,80.66,0,117.5,120.05,0,0.02,1,0.0002,4,70.000,MSFT210319P00070000,0.18,-0.12,0,0.55,1,0.4402,-0.0083,0.0003,86
03/19/2021,MSFT210319C00075000,110,0,112.45,115.25,0,0.02,1,0.0003,120,75.000,MSFT210319P00075000,0.25,0,0,0.61,0,0.4172,-0.0095,0.0003,590
03/19/2021,MSFT210319C00080000,90.3,0,107.45,110.4,0,0.02,1,0.0003,78,80.000,MSFT210319P00080000,0.51,0,0.02,0.68,0,0.3991,-0.0113,0.0004,113
03/19/2021,MSFT210319C00085000,91.45,0,102.5,105.55,0,0.02,1,0.0004,26,85.000,MSFT210319P00085000,0.45,0.175,0.1,0.76,2,0.3781,-0.0129,0.0004,370
03/19/2021,MSFT210319C00090000,82.5,0,97.55,100.7,0,0.02,1,0.0005,174,90.000,MSFT210319P00090000,0.55,0,0.13,0.73,0,0.3712,-0.0171,0.0006,464
03/19/2021,MSFT210319C00095000,76.15,0,92.6,95.85,0,0.02,1,0.0006,599,95.000,MSFT210319P00095000,0.65,-0.01,0.39,0.99,15,0.3612,-0.0215,0.0007,294
03/19/2021,MSFT210319C00100000,87.75,2.9,87.85,90.95,5,0.02,1,0.0008,961,100.000,MSFT210319P00100000,0.9,0,0.41,1,0,0.3441,-0.0248,0.0008,428
03/19/2021,MSFT210319C00105000,76.42,0,82.9,86.35,0,0.196,0.9906,0.0001,1571,105.000,MSFT210319P00105000,1.14,0,0.6,1.34,0,0.3423,-0.0331,0.0011,292
03/19/2021,MSFT210319C00110000,77.48,1.955,78.25,81.65,6,0.2433,0.9805,0.0006,203,110.000,MSFT210319P00110000,1.32,0.065,0.87,1.57,6,0.3338,-0.0408,0.0013,292
03/19/2021,MSFT210319C00115000,72.2,0,73.6,77,0,0.2573,0.9692,0.0011,123,115.000,MSFT210319P00115000,1.52,-0.17,1.11,1.71,10,0.3284,-0.0509,0.0016,482
03/19/2021,MSFT210319C00120000,61.65,0,69.05,72.25,0,0.2673,0.9548,0.0015,169,120.000,MSFT210319P00120000,2.11,0,1.45,2.09,0,0.3197,-0.0612,0.0019,904
03/19/2021,MSFT210319C00125000,63.02,1.12,64.55,67.7,2,0.2693,0.9404,0.002,373,125.000,MSFT210319P00125000,2.4,0,1.84,2.61,0,0.3131,-0.0741,0.0023,329
03/19/2021,MSFT210319C00130000,58.4,0,60.3,63.35,0,0.2691,0.9242,0.0024,553,130.000,MSFT210319P00130000,2.97,0,2.35,2.98,0,0.3081,-0.0896,0.0026,1840
03/19/2021,MSFT210319C00135000,56.64,3.015,56.1,58.85,14,0.2813,0.8975,0.003,265,135.000,MSFT210319P00135000,3.5,-0.225,2.93,3.5,2,0.2997,-0.1053,0.0031,456
03/19/2021,MSFT210319C00140000,49.5,0,51.85,54.75,0,0.2735,0.88,0.0035,225,140.000,MSFT210319P00140000,4.15,-0.35,3.65,4.25,2,0.2944,-0.1247,0.0035,267
03/19/2021,MSFT210319C00145000,46,0,47.75,50.05,0,0.2744,0.8545,0.004,462,145.000,MSFT210319P00145000,5.17,0,4.45,5.15,0,0.2889,-0.1463,0.004,446
03/19/2021,MSFT210319C00150000,43.86,2.06,43.85,46,5,0.2706,0.8295,0.0046,1275,150.000,MSFT210319P00150000,5.97,-0.455,5.45,6.05,34,0.2832,-0.1701,0.0045,165
03/19/2021,MSFT210319C00155000,41.61,4.01,40.15,42.05,28,0.2665,0.802,0.0051,1919,155.000,MSFT210319P00155000,7.19,-0.435,6.45,7.25,2,0.2789,-0.1971,0.005,1255
03/19/2021,MSFT210319C00160000,36.7,2.275,36.5,38.55,4,0.2641,0.7711,0.0056,1348,160.000,MSFT210319P00160000,8.4,-0.6,7.7,8.45,2,0.2751,-0.2265,0.0055,320
03/19/2021,MSFT210319C00165000,33.9,3.15,33.15,35.35,12,0.259,0.7394,0.0062,489,165.000,MSFT210319P00165000,9.91,-0.665,9.25,9.85,5,0.2709,-0.2579,0.006,188
03/19/2021,MSFT210319C00170000,29.79,1.94,29.85,32.05,23,0.2576,0.7038,0.0067,1019,170.000,MSFT210319P00170000,11.7,-0.6,10.8,11.5,6,0.2679,-0.2918,0.0064,122
03/19/2021,MSFT210319C00175000,27.73,3.18,26.9,28.6,44,0.2544,0.6671,0.0071,290,175.000,MSFT210319P00175000,14,-0.25,12.6,13.65,5,0.2645,-0.3272,0.0068,45
03/19/2021,MSFT210319C00180000,24.87,3.07,24.15,25.7,45,0.2515,0.6289,0.0075,656,180.000,MSFT210319P00180000,15.65,-0.55,14.65,15.65,50,0.2621,-0.3641,0.0072,199
03/19/2021,MSFT210319C00185000,21.8,2.475,21.4,23.15,52,0.25,0.5895,0.0078,533,185.000,MSFT210319P00185000,17.95,-0.875,16.7,18.15,2,0.2585,-0.4021,0.0075,76
03/19/2021,MSFT210319C00190000,19.9,2.925,19.5,20.5,50,0.2453,0.5491,0.0081,1229,190.000,MSFT210319P00190000,20.61,-0.865,19.1,20.35,5,0.2563,-0.4406,0.0077,87
03/19/2021,MSFT210319C00195000,17.65,2.775,16.75,18.5,37,0.2456,0.5095,0.0081,542,195.000,MSFT210319P00195000,24.1,0,21.75,23.35,0,0.2547,-0.4792,0.0078,1
03/19/2021,MSFT210319C00200000,15.45,2.55,15.5,16,206,0.2453,0.4706,0.0081,930,200.000,MSFT210319P00200000,27.05,0,24.55,26.3,0,0.2532,-0.5174,0.0079,113
03/19/2021,MSFT210319C00210000,11.9,2.15,11.35,12.6,121,0.2414,0.3936,0.008,1231,210.000,MSFT210319P00210000,0,0,30.7,32.8,0,0.2536,-0.5887,0.0077,0
03/19/2021,MSFT210319C00220000,8.9,1.675,8.5,9.65,71,0.239,0.3229,0.0075,1335,220.000,MSFT210319P00220000,0,0,37.7,39.9,0,0.2483,-0.6594,0.0073,0
03/19/2021,MSFT210319C00230000,6.9,1.525,6.45,7.2,145,0.2383,0.2617,0.0069,509,230.000,MSFT210319P00230000,50.8,0,45.55,47.65,0,0.2494,-0.7174,0.0067,1
03/19/2021,MSFT210319C00240000,5.15,1.15,4.75,5.55,58,0.2355,0.2061,0.0061,149,240.000,MSFT210319P00240000,0,0,53.65,56,0,0.2562,-0.7604,0.006,0
03/19/2021,MSFT210319C00250000,3.85,0.825,3.7,4.05,50,0.2395,0.1675,0.0053,306,250.000,MSFT210319P00250000,65.1,-2.775,62.35,64.85,2,0.26,-0.7992,0.0053,1
03/19/2021,MSFT210319C00260000,2.9,2.9,2.83,3,36,0.241,0.1333,0.0045,35,260.000,MSFT210319P00260000,0,0,71.7,74.1,0,0.272,-0.822,0.0047,0
06/18/2021,MSFT210618C00065000,101.3,0,122.3,125.15,0,0.02,1,0,47,65.000,MSFT210618P00065000,0.17,0,0.06,0.58,0,0.4337,-0.0085,0.0002,3377
06/18/2021,MSFT210618C00070000,85.25,0,117.2,120.35,0,0.02,1,0.0003,14,70.000,MSFT210618P00070000,0.3,0,0,0.44,0,0.3849,-0.0069,0.0002,949
06/18/2021,MSFT210618C00075000,66,0,112.2,115.5,0,0.02,1,0.0003,602,75.000,MSFT210618P00075000,0.38,0,0,0.71,0,0.3883,-0.011,0.0003,450
06/18/2021,MSFT210618C00080000,102.95,0,107.25,110.55,0,0.02,1,0.0004,236,80.000,MSFT210618P00080000,0.51,0,0.41,0.82,0,0.3945,-0.0169,0.0005,1060
06/18/2021,MSFT210618C00085000,95,0,102.35,105.65,0,0.02,1,0.0005,56,85.000,MSFT210618P00085000,0.88,0,0.45,0.94,0,0.3799,-0.0202,0.0006,59
06/18/2021,MSFT210618C00090000,89.5,0,97.65,100.7,0,0.02,1,0.0006,130,90.000,MSFT210618P00090000,0.93,0,0.45,1.09,0,0.3602,-0.0227,0.0007,1061
06/18/2021,MSFT210618C00095000,89.88,0,92.75,95.95,0,0.02,1,0.0008,765,95.000,MSFT210618P00095000,1.02,0,0.58,1.27,0,0.3488,-0.0274,0.0008,649
06/18/2021,MSFT210618C00100000,84.05,0,87.9,91.35,0,0.26,0.9776,0.0005,1741,100.000,MSFT210618P00100000,1.3,0,0.74,1.48,0,0.3445,-0.035,0.001,4487
06/18/2021,MSFT210618C00105000,81.77,0,83.25,86.7,0,0.273,0.968,0.0008,375,105.000,MSFT210618P00105000,1.5,0,0.99,1.74,0,0.3347,-0.042,0.0012,1932
06/18/2021,MSFT210618C00110000,79.96,3.81,78.65,82.1,5,0.2763,0.9582,0.0011,2492,110.000,MSFT210618P00110000,1.94,-0.045,1.61,1.99,2,0.3274,-0.051,0.0015,947
06/18/2021,MSFT210618C00115000,72.39,0,74.3,77.4,0,0.2915,0.9404,0.0016,132,115.000,MSFT210618P00115000,2.15,-0.24,1.7,2.38,3,0.3244,-0.063,0.0017,872
06/18/2021,MSFT210618C00120000,71,3.65,69.85,72.7,23,0.2977,0.9234,0.0019,720,120.000,MSFT210618P00120000,2.79,0,2.5,2.86,0,0.316,-0.0743,0.002,1813
06/18/2021,MSFT210618C00125000,66.1,3.05,65.5,68.2,13,0.293,0.9096,0.0023,700,125.000,MSFT210618P00125000,3.46,0.19,2.67,3.25,1,0.3072,-0.0867,0.0023,2870
06/18/2021,MSFT210618C00130000,60,0,61.45,63.95,0,0.2899,0.8929,0.0027,3034,130.000,MSFT210618P00130000,3.76,-0.365,3.5,4,110,0.3046,-0.1039,0.0027,2875
06/18/2021,MSFT210618C00135000,57.3,2.625,57.25,59.55,1,0.2878,0.8738,0.0031,1332,135.000,MSFT210618P00135000,4.55,-0.35,3.9,4.8,2,0.2984,-0.121,0.0031,250
06/18/2021,MSFT210618C00140000,53.35,2.825,53.05,55.45,13,0.283,0.8541,0.0035,1772,140.000,MSFT210618P00140000,5.46,-0.34,5,5.6,3,0.2929,-0.1403,0.0035,520
06/18/2021,MSFT210618C00145000,49.3,2.625,49.25,51.4,13,0.2776,0.8329,0.0039,3011,145.000,MSFT210618P00145000,6.6,-0.25,5.75,6.5,2,0.2888,-0.1623,0.0039,589
06/18/2021,MSFT210618C00150000,45.57,1.97,45.4,47.75,59,0.276,0.8074,0.0043,881,150.000,MSFT210618P00150000,7.5,-0.425,6.85,7.6,11,0.2838,-0.1856,0.0043,550
06/18/2021,MSFT210618C00155000,43,3.25,41.9,44.15,17,0.2694,0.7827,0.0048,369,155.000,MSFT210618P00155000,8.9,-0.175,8.05,8.9,3,0.2798,-0.2113,0.0047,236
06/18/2021,MSFT210618C00160000,39.5,3.025,38.35,40.65,8,0.2694,0.7529,0.0052,1700,160.000,MSFT210618P00160000,11.15,0,9.4,10.3,0,0.2756,-0.2387,0.0051,702
06/18/2021,MSFT210618C00165000,35.6,2.85,35.05,36.9,11,0.2655,0.7232,0.0056,2059,165.000,MSFT210618P00165000,11.98,-0.52,10.95,11.75,5,0.2715,-0.2678,0.0055,1327
06/18/2021,MSFT210618C00170000,32,2.25,32.05,33.8,11,0.2619,0.6918,0.006,747,170.000,MSFT210618P00170000,13.4,-0.975,12.65,13.75,31,0.2684,-0.2988,0.0059,191
06/18/2021,MSFT210618C00175000,29.09,2.19,29.1,30.75,20,0.2601,0.6586,0.0063,740,175.000,MSFT210618P00175000,15.45,-0.925,14.45,15.75,5,0.2649,-0.331,0.0062,75
06/18/2021,MSFT210618C00180000,26.3,2.2,26.2,27.5,877,0.2547,0.6247,0.0067,1167,180.000,MSFT210618P00180000,17.1,-1.525,16.55,17.6,3,0.263,-0.3645,0.0065,127
06/18/2021,MSFT210618C00185000,24.7,2.925,23.85,25.15,65,0.254,0.5897,0.0069,477,185.000,MSFT210618P00185000,22.21,0,18.85,20.2,0,0.2597,-0.3986,0.0067,24
06/18/2021,MSFT210618C00190000,22.18,2.205,21.95,22.65,131,0.2529,0.5546,0.007,2728,190.000,MSFT210618P00190000,22.3,0,21.15,22.8,0,0.2571,-0.4333,0.0069,213
06/18/2021,MSFT210618C00195000,19.7,2.425,19,20.45,61,0.2519,0.5196,0.0071,285,195.000,MSFT210618P00195000,25.3,-1.3,23.75,25.5,20,0.2549,-0.4681,0.007,24
06/18/2021,MSFT210618C00200000,17.75,2.375,17.05,18,169,0.2491,0.4842,0.0072,2180,200.000,MSFT210618P00200000,28.48,0,26.5,28.35,0,0.2557,-0.5014,0.007,258
06/18/2021,MSFT210618C00210000,14,1.675,13.45,14.6,2505,0.2453,0.4153,0.0072,5565,210.000,MSFT210618P00210000,37.3,0,32.55,34.65,0,0.2499,-0.57,0.0071,4
06/18/2021,MSFT210618C00220000,11.23,1.98,10.9,11.5,166,0.2443,0.3526,0.0069,1151,220.000,MSFT210618P00220000,41.45,-1.95,39.25,41.55,3,0.2478,-0.6327,0.0068,112
06/18/2021,MSFT210618C00230000,8.5,1.1,8.25,9.3,10,0.241,0.2931,0.0065,671,230.000,MSFT210618P00230000,0,0,47.35,49.05,0,0.2466,-0.6894,0.0064,0
06/18/2021,MSFT210618C00240000,6.59,1.14,6.4,7.25,101,0.2396,0.2416,0.0059,611,240.000,MSFT210618P00240000,57.5,-1.95,54.85,57.15,1,0.2521,-0.7319,0.0058,5
06/18/2021,MSFT210618C00250000,4.65,0.6,4.85,5.6,13,0.2389,0.1976,0.0053,50,250.000,MSFT210618P00250000,0,0,63.6,65.8,0,0.2515,-0.7752,0.0052,0
06/18/2021,MSFT210618C00260000,3.96,0.76,3.65,4.5,15,0.2388,0.1608,0.0046,75,260.000,MSFT210618P00260000,75.15,-2.375,72.45,74.7,2,0.2589,-0.8029,0.0047,1
06/18/2021,MSFT210618C00270000,3.02,3.02,3,3.55,100,0.2399,0.1313,0.004,100,270.000,MSFT210618P00270000,0,0,81.3,84,0,0.2696,-0.8217,0.0042,0
01/21/2022,MSFT220121C00070000,117.17,2.92,116.65,121.25,3,0.02,1,0.0003,193,70.000,MSFT220121P00070000,0.6,0.07,0.37,0.65,10,0.3714,-0.0136,0.0004,1632
01/21/2022,MSFT220121C00075000,102.65,0,111.9,116.35,0,0.02,1,0.0004,20,75.000,MSFT220121P00075000,0.92,0.185,0.7,1.15,11,0.3797,-0.0206,0.0005,127
01/21/2022,MSFT220121C00080000,91.9,0,107,111.5,0,0.02,1,0.0004,208,80.000,MSFT220121P00080000,1.02,0.215,0.61,1.1,10,0.3508,-0.0209,0.0005,118
01/21/2022,MSFT220121C00085000,81.5,0,102.5,106.7,0,0.02,1,0.0006,148,85.000,MSFT220121P00085000,1.42,0.14,0.72,1.7,2,0.3515,-0.0282,0.0007,337
01/21/2022,MSFT220121C00090000,90.24,0,97.5,102,0,0.2557,0.9775,0.0004,120,90.000,MSFT220121P00090000,1.6,-0.125,1.35,1.6,1,0.3436,-0.0342,0.0008,972
01/21/2022,MSFT220121C00095000,93.97,3.17,93.4,97.35,6,0.2723,0.9676,0.0007,443,95.000,MSFT220121P00095000,1.8,0,1.6,2.75,0,0.352,-0.0464,0.001,504
01/21/2022,MSFT220121C00100000,89.27,2.645,88.95,91,139,0.2511,0.9674,0.0008,722,100.000,MSFT220121P00100000,2.2,-0.03,1.91,2.41,3,0.3293,-0.0493,0.0012,2014
01/21/2022,MSFT220121C00105000,84.2,1.925,83.5,88.35,2,0.2861,0.9448,0.0012,145,105.000,MSFT220121P00105000,2.5,0,1.57,3.7,0,0.326,-0.0598,0.0014,84
01/21/2022,MSFT220121C00110000,82,4.6,80.25,83.25,36,0.2837,0.9341,0.0015,653,110.000,MSFT220121P00110000,3.1,-0.35,2.71,3.4,35,0.3218,-0.0711,0.0016,289
01/21/2022,MSFT220121C00115000,76.5,2.925,75.45,80,1,0.2817,0.9217,0.0017,96,115.000,MSFT220121P00115000,3.71,-0.085,3.2,3.95,2,0.3145,-0.0822,0.0018,1187
01/21/2022,MSFT220121C00120000,73.4,4.9,71.75,75.8,5,0.2746,0.9104,0.002,408,120.000,MSFT220121P00120000,3.65,-0.85,4.1,4.6,1,0.3071,-0.0945,0.0021,1318
01/21/2022,MSFT220121C00125000,67.1,1.775,67.6,70,32,0.2772,0.8923,0.0023,276,125.000,MSFT220121P00125000,5.1,-0.25,3.85,6.35,8,0.3053,-0.1105,0.0023,479
01/21/2022,MSFT220121C00130000,63.96,2.985,63.65,67.4,101,0.2786,0.8732,0.0026,444,130.000,MSFT220121P00130000,5.75,-1,4.55,7.3,1,0.2963,-0.1244,0.0026,835
01/21/2022,MSFT220121C00135000,60.4,2.925,59.7,63.9,1,0.2732,0.8563,0.003,656,135.000,MSFT220121P00135000,6.9,-0.325,6.5,7.2,3,0.2945,-0.1432,0.0029,438
01/21/2022,MSFT220121C00140000,57.25,3.775,55.9,59.9,32,0.2729,0.8351,0.0033,1287,140.000,MSFT220121P00140000,8.2,-0.5,7.7,8.2,73,0.2905,-0.1621,0.0032,811
01/21/2022,MSFT220121C00145000,53.6,4.025,52.3,56.3,5,0.272,0.8129,0.0036,2914,145.000,MSFT220121P00145000,9.59,0.115,7.55,10.65,2,0.2842,-0.1813,0.0035,1888
01/21/2022,MSFT220121C00150000,50,2.875,48.6,52.8,163,0.2708,0.7895,0.0039,2109,150.000,MSFT220121P00150000,10.65,-0.125,8.9,10.8,18,0.2765,-0.2013,0.0038,435
01/21/2022,MSFT220121C00155000,45.95,2.875,45.2,49.35,19,0.2691,0.7653,0.0042,1439,155.000,MSFT220121P00155000,12.4,0.075,10.25,12.25,1,0.2731,-0.2245,0.0041,470
01/21/2022,MSFT220121C00160000,43.1,3.225,42.35,44.75,120,0.263,0.7416,0.0045,2090,160.000,MSFT220121P00160000,13.41,-0.115,12,13.75,16,0.2752,-0.2508,0.0044,1079
01/21/2022,MSFT220121C00165000,40,3.425,39.35,41.9,107,0.265,0.714,0.0047,3760,165.000,MSFT220121P00165000,15.5,-0.45,13.35,15.65,141,0.2735,-0.2764,0.0046,233
01/21/2022,MSFT220121C00170000,38.2,3.225,37.4,38.95,92,0.2625,0.6871,0.005,1279,170.000,MSFT220121P00170000,17.3,-0.95,16.65,17.8,258,0.2728,-0.3029,0.0048,590
01/21/2022,MSFT220121C00175000,34.56,2.91,33.2,37.1,30,0.2608,0.6594,0.0052,1741,175.000,MSFT220121P00175000,19.42,-0.63,17.55,19.5,36,0.268,-0.3294,0.0051,298
01/21/2022,MSFT220121C00180000,32.61,3.485,31.75,33.6,157,0.2591,0.6311,0.0054,1586,180.000,MSFT220121P00180000,22,-0.125,20.05,22.35,60,0.2667,-0.3569,0.0053,110
01/21/2022,MSFT220121C00185000,28.4,2.625,28.4,30.7,559,0.2568,0.6024,0.0056,1166,185.000,MSFT220121P00185000,24.1,-0.575,22.2,24.05,152,0.2637,-0.3849,0.0055,288
01/21/2022,MSFT220121C00190000,27.7,3.4,27.15,28,255,0.2571,0.574,0.0057,1435,190.000,MSFT220121P00190000,26.54,-0.785,24,27.85,7,0.2619,-0.413,0.0056,181
01/21/2022,MSFT220121C00195000,24.55,2.425,23.1,26.25,105,0.2536,0.5447,0.0059,540,195.000,MSFT220121P00195000,29,-1.15,26.6,30.55,1,0.2605,-0.4411,0.0057,13
01/21/2022,MSFT220121C00200000,22.95,2.575,22,24.1,269,0.2522,0.516,0.0059,3611,200.000,MSFT220121P00200000,32.15,-0.925,29.35,33.3,130,0.2582,-0.4695,0.0058,324
01/21/2022,MSFT220121C00210000,19.09,2.69,18.45,20,55,0.2491,0.4593,0.006,1403,210.000,MSFT220121P00210000,40.57,0,35.3,39.45,0,0.2573,-0.5234,0.0058,14
01/21/2022,MSFT220121C00220000,16.22,2.195,15.8,16.45,214,0.2483,0.4064,0.0059,1662,220.000,MSFT220121P00220000,46.8,0,41.95,45.95,0,0.254,-0.5768,0.0058,291
01/21/2022,MSFT220121C00230000,12.9,1.325,13,13.9,653,0.2455,0.3551,0.0057,999,230.000,MSFT220121P00230000,52.66,-1.065,49.1,53.1,2,0.2499,-0.6285,0.0056,1
01/21/2022,MSFT220121C00240000,10.55,1.5,10.3,12.2,181,0.2432,0.3076,0.0055,1692,240.000,MSFT220121P00240000,59.5,-2.175,56.6,60.7,59,0.2507,-0.6718,0.0054,44
01/21/2022,MSFT220121C00250000,8.75,1.5,8.05,9.2,366,0.2407,0.2637,0.0051,1412,250.000,MSFT220121P00250000,68.42,-1.505,64.7,68.7,84,0.2522,-0.71,0.005,44
01/21/2022,MSFT220121C00260000,7.5,1.475,7.1,9,97,0.2408,0.2273,0.0047,779,260.000,MSFT220121P00260000,76.86,-2.115,73.15,77.05,2,0.252,-0.7461,0.0047,1
01/21/2022,MSFT220121C00270000,5.95,1.1,5.65,6.25,393,0.2395,0.1932,0.0043,512,270.000,MSFT220121P00270000,85.4,-2.675,81.85,85.85,18,0.2603,-0.7675,0.0043,9
