QCOM (QUALCOMM, Inc.),88.57,0.38
Feb 11 2020 @ 08:33 ET,Bid,88.8,Ask,89,Size,1x3,Vol,7481257
Expiration Date,Calls,Last Sale,Net,Bid,Ask,Vol,IV,Delta,Gamma,Open Int,Strike,Puts,Last Sale,Net,Bid,Ask,Vol,IV,Delta,Gamma,Open Int
02/14/2020,QCOM200214C00074000,14,0.225,14.25,14.95,4,0.02,1,0,2,74.000,QCOM200214P00074000,0.01,-0.01,0,0.03,1,0.6975,-0.0063,0.0027,16
02/14/2020,QCOM200214C00075000,13.3,0,13.25,13.85,0,0.02,1,0.0066,50,75.000,QCOM200214P00075000,0.02,-0.005,0,0.03,4,0.6503,-0.0067,0.0031,157
02/14/2020,QCOM200214C00076000,0,0,12.2,12.9,0,0.02,1,0.0056,0,76.000,QCOM200214P00076000,0.01,-0.02,0,0.03,6,0.6036,-0.0071,0.0035,116
02/14/2020,QCOM200214C00077000,0,0,11.4,11.85,0,0.02,0.9866,0.006,0,77.000,QCOM200214P00077000,0.02,-0.01,0,0.04,11,0.5861,-0.0105,0.0051,20
02/14/2020,QCOM200214C00078000,0,0,10.2,11,0,0.02,1,0,0,78.000,QCOM200214P00078000,0.02,-0.015,0.02,0.04,7,0.5654,-0.0148,0.0071,302
02/14/2020,QCOM200214C00079000,11.97,0,9.4,9.85,0,0.02,0.9857,0.0077,1,79.000,QCOM200214P00079000,0.03,-0.015,0.03,0.05,17,0.5275,-0.018,0.009,159
02/14/2020,QCOM200214C00080000,7.75,0,8.55,8.8,0,0.02,0.9636,0.0156,22,80.000,QCOM200214P00080000,0.05,-0.005,0.03,0.06,377,0.5032,-0.0252,0.0126,687
02/14/2020,QCOM200214C00081000,7.4,0.55,7.55,7.8,12,0.02,0.9601,0.0187,7,81.000,QCOM200214P00081000,0.07,-0.025,0.05,0.07,72,0.465,-0.0317,0.0165,392
02/14/2020,QCOM200214C00082000,5.61,-0.24,6.55,6.8,4,0.02,0.9565,0.0227,38,82.000,QCOM200214P00082000,0.07,-0.075,0.07,0.09,185,0.4489,-0.048,0.0239,484
02/14/2020,QCOM200214C00083000,5.14,0.14,5.6,5.8,37,0.02,0.94,0.0316,36,83.000,QCOM200214P00083000,0.13,-0.085,0.1,0.12,327,0.4188,-0.0661,0.0329,851
02/14/2020,QCOM200214C00084000,3.87,-0.23,4.7,4.9,255,0.02,0.8943,0.0475,311,84.000,QCOM200214P00084000,0.19,-0.145,0.15,0.17,479,0.3988,-0.098,0.0466,944
02/14/2020,QCOM200214C00085000,3.1,-0.175,3.75,3.95,283,0.02,1,0.0642,472,85.000,QCOM200214P00085000,0.29,-0.225,0.25,0.27,729,0.3876,-0.1495,0.0645,1126
02/14/2020,QCOM200214C00086000,2.65,0.105,3,3.1,663,0.2593,0.8658,0.0896,448,86.000,QCOM200214P00086000,0.49,-0.29,0.4,0.43,165,0.3796,-0.2217,0.0841,515
02/14/2020,QCOM200214C00087000,2.15,0.245,2.24,2.33,454,0.2875,0.7318,0.1231,930,87.000,QCOM200214P00087000,0.76,-0.375,0.65,0.69,1685,0.3794,-0.3167,0.1008,1858
02/14/2020,QCOM200214C00088000,1.63,0.25,1.61,1.66,959,0.3039,0.5905,0.1374,1090,88.000,QCOM200214P00088000,1.05,-0.555,1.01,1.05,158,0.3836,-0.4251,0.1097,694
02/14/2020,QCOM200214C00089000,1.13,0.175,1.12,1.16,2280,0.3168,0.4528,0.1343,1476,89.000,QCOM200214P00089000,1.54,-0.66,1.48,1.56,38,0.3935,-0.5351,0.1085,673
02/14/2020,QCOM200214C00090000,0.77,0.11,0.74,0.77,3240,0.3272,0.3305,0.119,3281,90.000,QCOM200214P00090000,2.15,-0.745,2.1,2.19,15,0.4097,-0.634,0.0986,1231
02/14/2020,QCOM200214C00091000,0.5,0.06,0.48,0.51,1087,0.3393,0.2322,0.0966,1853,91.000,QCOM200214P00091000,3.09,-0.585,2.84,2.93,20,0.4323,-0.7141,0.0845,339
02/14/2020,QCOM200214C00092000,0.32,0.025,0.3,0.32,1002,0.3503,0.1576,0.0739,1727,92.000,QCOM200214P00092000,3.9,-0.625,3.65,3.8,4,0.4707,-0.7693,0.0694,238
02/14/2020,QCOM200214C00093000,0.21,0.015,0.19,0.22,377,0.3672,0.1081,0.0543,967,93.000,QCOM200214P00093000,5.75,0.325,4.5,4.7,13,0.5066,-0.8116,0.0572,419
02/14/2020,QCOM200214C00094000,0.14,0.005,0.13,0.14,252,0.3828,0.0735,0.0391,892,94.000,QCOM200214P00094000,6.8,0.425,5.4,5.65,2,0.5528,-0.8387,0.0475,156
02/14/2020,QCOM200214C00095000,0.09,-0.005,0.08,0.09,338,0.4091,0.0547,0.0291,1377,95.000,QCOM200214P00095000,7.25,-0.075,6.4,6.6,65,0.6162,-0.8519,0.0403,169
02/14/2020,QCOM200214C00096000,0.07,0,0.06,0.07,70,0.4338,0.0412,0.0219,634,96.000,QCOM200214P00096000,7.1,0,7.1,7.95,0,0.6627,-0.8681,0.0346,13
02/14/2020,QCOM200214C00097000,0.04,-0.015,0.04,0.05,8,0.4546,0.0306,0.0163,266,97.000,QCOM200214P00097000,7.95,0,8.2,8.65,0,0.7109,-0.88,0.0302,158
02/14/2020,QCOM200214C00098000,0.03,-0.01,0.03,0.04,22,0.4738,0.0228,0.0122,265,98.000,QCOM200214P00098000,0,0,9.05,9.85,0,0.7659,-0.8873,0.0268,0
02/14/2020,QCOM200214C00099000,0.02,0,0.02,0.03,0,0.4855,0.0158,0.0088,159,99.000,QCOM200214P00099000,0,0,10.2,10.65,0,0.8286,-0.8905,0.0243,0
02/14/2020,QCOM200214C00100000,0.02,-0.01,0,0.03,23,0.5044,0.012,0.0066,1578,100.000,QCOM200214P00100000,9.7,0,11.2,11.8,0,0.8705,-0.8994,0.0218,33
02/14/2020,QCOM200214C00101000,0.01,-0.015,0,0.02,2,0.504,0.0072,0.0043,135,101.000,QCOM200214P00101000,0,0,12.2,12.75,0,0.9089,-0.9072,0.0196,0
02/14/2020,QCOM200214C00102000,0.01,-0.01,0,0.02,75,0.5445,0.0075,0.0041,154,102.000,QCOM200214P00102000,11.75,0,13.2,13.75,0,0.959,-0.911,0.018,0
02/14/2020,QCOM200214C00103000,0.02,0,0,0.03,0,0.5927,0.0085,0.0042,85,103.000,QCOM200214P00103000,0,0,14.15,14.75,0,1.0064,-0.9148,0.0166,0
02/14/2020,QCOM200214C00104000,0.01,0,0,0.04,1,0.5328,0.0023,0.0014,25,104.000,QCOM200214P00104000,0,0,15.15,15.7,0,1.0547,-0.9178,0.0155,0
02/14/2020,QCOM200214C00105000,0.01,0,0,0.02,70,0.6371,0.0061,0.0029,1686,105.000,QCOM200214P00105000,0,0,16.15,16.7,0,1.1005,-0.9209,0.0144,0
02/21/2020,QCOM200221C00040000,45.15,0,48.25,48.85,0,0.02,1,0.0003,11,40.000,QCOM200221P00040000,0.07,0,0,0.03,0,1.6654,-0.0019,0.0002,4
02/21/2020,QCOM200221C00045000,42.43,0,43.25,43.85,0,0.02,1,0.0005,23,45.000,QCOM200221P00045000,0.03,0,0,0.03,0,1.4385,-0.0023,0.0003,10
02/21/2020,QCOM200221C00050000,30.66,0,38.25,38.85,0,0.02,1,0.0005,3,50.000,QCOM200221P00050000,0.01,0,0,0.01,0,1.126,-0.0013,0.0002,43
02/21/2020,QCOM200221C00055000,30.68,0,33.25,33.85,0,0.02,1,0.0007,10,55.000,QCOM200221P00055000,0.01,0,0,0.01,56,0.9045,-0.0009,0.0002,209
02/21/2020,QCOM200221C00060000,25.6,0,28.25,28.85,0,0.02,1,0.001,45,60.000,QCOM200221P00060000,0.01,0.005,0.01,0.02,810,0.8498,-0.0033,0.0008,921
02/21/2020,QCOM200221C00065000,24.2,0,23.25,23.9,0,0.02,1,0.001,60,65.000,QCOM200221P00065000,0.02,0,0.02,0.03,575,0.7348,-0.0064,0.0016,902
02/21/2020,QCOM200221C00067500,24.95,0,20.75,21.5,0,0.02,0.9959,0.0013,71,67.500,QCOM200221P00067500,0.03,0.01,0.02,0.04,33,0.6699,-0.0083,0.0022,609
02/21/2020,QCOM200221C00070000,18.25,0,18.4,18.85,0,0.02,0.9956,0.0016,168,70.000,QCOM200221P00070000,0.04,0.025,0.03,0.05,24,0.6035,-0.0107,0.003,2134
02/21/2020,QCOM200221C00072500,19.05,0,15.9,16.45,0,0.02,0.9817,0.0052,63,72.500,QCOM200221P00072500,0.04,0.01,0.03,0.06,429,0.5399,-0.0144,0.0044,11478
02/21/2020,QCOM200221C00075000,13.1,0.25,13.45,13.85,6,0.02,0.9879,0.0047,611,75.000,QCOM200221P00075000,0.06,0.02,0.05,0.06,2412,0.4818,-0.0209,0.0068,8293
02/21/2020,QCOM200221C00076000,0,0,12.45,12.9,0,0.02,0.9793,0.0073,0,76.000,QCOM200221P00076000,0,0,0.05,0.08,0,0.4606,-0.025,0.0082,0
02/21/2020,QCOM200221C00077000,0,0,11.45,12.05,0,0.02,0.9584,0.0121,0,77.000,QCOM200221P00077000,0.07,0.07,0.06,0.09,6,0.4379,-0.0297,0.01,6
02/21/2020,QCOM200221C00077500,11.55,0,10.95,11.4,0,0.02,0.977,0.009,488,77.500,QCOM200221P00077500,0.08,0,0.07,0.09,110,0.4167,-0.0295,0.0105,2312
02/21/2020,QCOM200221C00078000,9.88,9.88,10.65,10.8,70,0.02,0.9614,0.0128,26,78.000,QCOM200221P00078000,0,0,0.07,0.1,0,0.4127,-0.0347,0.0121,0
02/21/2020,QCOM200221C00079000,0,0,9.45,9.95,0,0.02,0.9663,0.0132,0,79.000,QCOM200221P00079000,0.13,0.13,0.05,0.12,1,0.395,-0.0437,0.0152,1
02/21/2020,QCOM200221C00080000,8.26,0,8.6,8.9,0,0.02,0.9477,0.0187,1528,80.000,QCOM200221P00080000,0.16,-0.015,0.13,0.15,177,0.3799,-0.0566,0.0195,3362
02/21/2020,QCOM200221C00081000,6.66,-0.365,7.55,8,10,0.02,0.9366,0.0233,43,81.000,QCOM200221P00081000,0.23,-0.005,0.17,0.19,91,0.3653,-0.0737,0.0248,221
02/21/2020,QCOM200221C00082000,7.1,0,6.6,7.05,0,0.02,1,0.0302,28,82.000,QCOM200221P00082000,0.33,0,0.23,0.25,197,0.3508,-0.096,0.0315,328
02/21/2020,QCOM200221C00082500,6.14,0.465,6.25,6.55,14,0.05,1,0,1186,82.500,QCOM200221P00082500,0.27,-0.12,0.26,0.29,42,0.3462,-0.1112,0.0355,2078
02/21/2020,QCOM200221C00083000,4.5,-0.75,5.9,6.05,25,0.2137,0.9628,0.0247,63,83.000,QCOM200221P00083000,0.35,-0.11,0.31,0.33,94,0.341,-0.128,0.0398,311
02/21/2020,QCOM200221C00084000,4.9,0.475,5,5.15,179,0.2416,0.9028,0.0462,246,84.000,QCOM200221P00084000,0.44,-0.2,0.43,0.46,371,0.3322,-0.1692,0.0493,537
02/21/2020,QCOM200221C00085000,4,0.35,4.2,4.35,805,0.2596,0.8286,0.0636,6183,85.000,QCOM200221P00085000,0.62,-0.26,0.6,0.63,3161,0.3272,-0.2227,0.0592,7735
02/21/2020,QCOM200221C00086000,3.1,0.095,3.45,3.55,63,0.2656,0.7501,0.0777,222,86.000,QCOM200221P00086000,0.89,-0.3,0.84,0.87,113,0.3237,-0.2868,0.0683,513
02/21/2020,QCOM200221C00087000,2.81,0.43,2.77,2.85,486,0.2732,0.6605,0.087,388,87.000,QCOM200221P00087000,1.17,-0.415,1.15,1.2,155,0.3231,-0.3602,0.0752,630
02/21/2020,QCOM200221C00087500,2.31,0.2,2.47,2.54,754,0.2756,0.6145,0.0901,3373,87.500,QCOM200221P00087500,1.51,-0.305,1.34,1.39,562,0.3239,-0.3992,0.0774,5062
02/21/2020,QCOM200221C00088000,2.2,0.335,2.18,2.25,334,0.2774,0.568,0.092,916,88.000,QCOM200221P00088000,1.59,-0.48,1.55,1.6,82,0.3246,-0.4388,0.0789,459
02/21/2020,QCOM200221C00089000,1.72,0.29,1.69,1.74,288,0.2818,0.4756,0.0917,2076,89.000,QCOM200221P00089000,2.33,-0.305,2.04,2.09,49,0.3293,-0.5178,0.0786,633
02/21/2020,QCOM200221C00090000,1.31,0.23,1.28,1.31,1647,0.2863,0.3882,0.0869,15361,90.000,QCOM200221P00090000,2.66,-0.64,2.62,2.7,128,0.3353,-0.5927,0.0752,4912
02/21/2020,QCOM200221C00091000,0.98,0.175,0.95,0.99,416,0.2906,0.3093,0.0788,1437,91.000,QCOM200221P00091000,3.97,-0.03,3.25,3.4,36,0.3464,-0.6586,0.0688,175
02/21/2020,QCOM200221C00092000,0.72,0.125,0.7,0.74,197,0.2971,0.2428,0.0684,1241,92.000,QCOM200221P00092000,4.3,-0.5,4,4.15,2,0.3544,-0.7175,0.0619,206
02/21/2020,QCOM200221C00092500,0.6,0.095,0.6,0.63,147,0.3006,0.2141,0.063,7308,92.500,QCOM200221P00092500,4.65,-0.55,4.4,4.55,58,0.3589,-0.7435,0.0583,966
02/21/2020,QCOM200221C00093000,0.48,0.05,0.51,0.55,78,0.3024,0.1868,0.0577,2874,93.000,QCOM200221P00093000,5.5,0,4.8,5.1,0,0.372,-0.7619,0.054,418
02/21/2020,QCOM200221C00094000,0.39,0.075,0.37,0.4,262,0.3107,0.144,0.0474,690,94.000,QCOM200221P00094000,5.45,0,5.6,5.9,0,0.3854,-0.8016,0.0469,133
02/21/2020,QCOM200221C00095000,0.28,0.055,0.26,0.29,452,0.3169,0.1088,0.0382,17494,95.000,QCOM200221P00095000,7.5,0.075,6.55,6.75,10,0.4051,-0.8291,0.0407,687
02/21/2020,QCOM200221C00096000,0.19,0.025,0.19,0.21,40,0.3207,0.08,0.0301,699,96.000,QCOM200221P00096000,8.85,0,7.35,7.8,0,0.4305,-0.8486,0.0354,64
02/21/2020,QCOM200221C00097000,0.11,0.11,0.14,0.16,35,0.3317,0.0622,0.024,35,97.000,QCOM200221P00097000,0,0,8.3,8.75,0,0.4453,-0.8702,0.0308,0
02/21/2020,QCOM200221C00097500,0.14,0.03,0.12,0.14,80,0.3341,0.0533,0.0211,6566,97.500,QCOM200221P00097500,10.2,0.4,8.9,9.1,40,0.4706,-0.8698,0.0292,388
02/21/2020,QCOM200221C00098000,0,0,0.1,0.12,0,0.3397,0.0472,0.0188,0,98.000,QCOM200221P00098000,0,0,9.25,9.85,0,0.48,-0.8776,0.0274,0
02/21/2020,QCOM200221C00099000,0,0,0.07,0.1,0,0.3467,0.0354,0.0146,0,99.000,QCOM200221P00099000,0,0,10.25,10.85,0,0.5137,-0.8839,0.0247,0
02/21/2020,QCOM200221C00100000,0.06,-0.005,0.05,0.07,232,0.3546,0.027,0.0114,14984,100.000,QCOM200221P00100000,12.4,0,11.2,11.7,0,0.5378,-0.8934,0.0222,425
02/21/2020,QCOM200221C00101000,0.05,0.05,0.04,0.06,1,0.3382,0.0141,0.0069,1,101.000,QCOM200221P00101000,0,0,12.2,12.8,0,0.5696,-0.898,0.0203,0
02/21/2020,QCOM200221C00102000,0,0,0,0.07,0,0.3498,0.0113,0.0055,0,102.000,QCOM200221P00102000,0,0,13.2,13.75,0,0.6004,-0.9022,0.0187,0
02/21/2020,QCOM200221C00105000,0.02,-0.005,0,0.02,14,0.3772,0.0052,0.0026,4266,105.000,QCOM200221P00105000,17.52,0.245,16.15,16.75,6,0.6791,-0.9157,0.0148,1
02/21/2020,QCOM200221C00110000,0.01,0,0,0.02,0,0.4845,0.0058,0.0022,1638,110.000,QCOM200221P00110000,20.56,0,21.15,21.7,0,0.8034,-0.9302,0.0108,1
02/21/2020,QCOM200221C00115000,0.03,0,0,0.01,0,0.521,0.0023,0.0009,1048,115.000,QCOM200221P00115000,25.45,0,26.15,26.65,0,0.9393,-0.935,0.0088,1
02/21/2020,QCOM200221C00120000,0.02,0,0,0.01,0,0.5861,0.0017,0.0006,607,120.000,QCOM200221P00120000,0,0,31.15,31.65,0,1.0576,-0.9402,0.0073,0
02/21/2020,QCOM200221C00125000,0.12,0,0,0.03,0,0.734,0.0043,0.0011,47,125.000,QCOM200221P00125000,0,0,36.15,36.65,0,1.1663,-0.9446,0.0062,0
02/21/2020,QCOM200221C00130000,0.04,0,0,0.02,0,0.7932,0.0034,0.0008,183,130.000,QCOM200221P00130000,40.1,0,41.15,41.65,0,1.2707,-0.9478,0.0055,0
02/28/2020,QCOM200228C00070000,19.5,0,18.25,19,0,0.02,1,0.0018,23,70.000,QCOM200228P00070000,0,0,0.02,0.23,0,0.5732,-0.0276,0.0056,0
02/28/2020,QCOM200228C00075000,11.19,0,13.25,13.95,0,0.02,1,0.0027,8,75.000,QCOM200228P00075000,0.1,-0.005,0.07,0.11,3,0.4173,-0.0322,0.0088,54
02/28/2020,QCOM200228C00080000,7.39,-0.785,8.35,9.35,1,0.02,1,0.0213,55,80.000,QCOM200228P00080000,0.26,-0.06,0.23,0.26,13,0.3341,-0.0778,0.0221,154
02/28/2020,QCOM200228C00081000,7.1,-0.175,7.6,8.25,1,0.1958,0.982,0.0115,6,81.000,QCOM200228P00081000,0.33,-0.1,0.3,0.34,10,0.3295,-0.1021,0.0275,35
02/28/2020,QCOM200228C00082000,6,0,6.45,7.6,0,0.2117,0.9536,0.0233,5,82.000,QCOM200228P00082000,0.44,-0.13,0.4,0.44,60,0.324,-0.1315,0.0334,716
02/28/2020,QCOM200228C00083000,4.85,-0.7,5.55,6.7,6,0.2451,0.8918,0.0385,9,83.000,QCOM200228P00083000,0.62,-0.125,0.53,0.58,42,0.3184,-0.1669,0.0399,110
02/28/2020,QCOM200228C00084000,5.2,0.4,5.35,5.5,13,0.2658,0.8269,0.0489,4,84.000,QCOM200228P00084000,0.99,0.015,0.7,0.76,45,0.315,-0.2104,0.0465,103
02/28/2020,QCOM200228C00085000,4.42,0,4.55,4.7,0,0.271,0.767,0.0573,172,85.000,QCOM200228P00085000,0.98,-0.28,0.93,0.99,52,0.313,-0.2612,0.0528,218
02/28/2020,QCOM200228C00086000,3.65,0.2,3.85,4,72,0.2737,0.7019,0.0643,118,86.000,QCOM200228P00086000,1.31,-0.305,1.21,1.28,36,0.3118,-0.3181,0.0581,81
02/28/2020,QCOM200228C00087000,2.75,-0.105,3.2,3.35,113,0.2728,0.6334,0.0701,465,87.000,QCOM200228P00087000,1.77,-0.25,1.56,1.63,25,0.3112,-0.3795,0.0621,257
02/28/2020,QCOM200228C00088000,2.5,0.165,2.65,2.72,45,0.2738,0.5604,0.0731,162,88.000,QCOM200228P00088000,2.72,0.21,1.97,2.05,14,0.3112,-0.4437,0.0645,75
02/28/2020,QCOM200228C00089000,2.17,0.28,2.15,2.21,209,0.2775,0.4871,0.073,422,89.000,QCOM200228P00089000,2.98,-0.07,2.46,2.55,4,0.3134,-0.5084,0.0646,205
02/28/2020,QCOM200228C00090000,1.75,0.24,1.71,1.77,93,0.279,0.416,0.071,430,90.000,QCOM200228P00090000,3.65,0,3,3.15,0,0.3183,-0.5705,0.0627,395
02/28/2020,QCOM200228C00091000,1.38,0.18,1.35,1.4,70,0.2822,0.3501,0.0667,244,91.000,QCOM200228P00091000,4.71,0.335,3.65,3.75,8,0.3211,-0.6294,0.0598,1068
02/28/2020,QCOM200228C00092000,1.05,0.11,1.05,1.1,194,0.2838,0.2892,0.0612,454,92.000,QCOM200228P00092000,7.24,0,4.35,4.5,0,0.3232,-0.6843,0.0559,14
02/28/2020,QCOM200228C00093000,0.64,-0.085,0.81,0.86,37,0.2872,0.2365,0.0545,416,93.000,QCOM200228P00093000,5,0,5.1,5.25,0,0.3332,-0.7288,0.0505,23
02/28/2020,QCOM200228C00094000,0.47,-0.1,0.62,0.66,12,0.2907,0.1911,0.0476,278,94.000,QCOM200228P00094000,5.82,0,5.5,6.7,0,0.3416,-0.7685,0.0453,6
02/28/2020,QCOM200228C00095000,0.44,0.005,0.47,0.51,36,0.2937,0.1524,0.0407,342,95.000,QCOM200228P00095000,5.8,0,6.5,7.4,0,0.3626,-0.7932,0.04,46
02/28/2020,QCOM200228C00096000,0.34,-0.005,0.36,0.39,22,0.2978,0.121,0.0343,151,96.000,QCOM200228P00096000,8.9,0,7.4,8.25,0,0.3714,-0.822,0.0356,9
02/28/2020,QCOM200228C00097000,0.39,0,0.27,0.3,0,0.3023,0.0954,0.0285,78,97.000,QCOM200228P00097000,0,0,8.4,9.15,0,0.3911,-0.8393,0.0317,0
02/28/2020,QCOM200228C00098000,0.26,0,0.2,0.23,0,0.3071,0.0757,0.0236,35,98.000,QCOM200228P00098000,0,0,9.25,10.1,0,0.4098,-0.8543,0.0283,0
02/28/2020,QCOM200228C00099000,0.12,-0.04,0.16,0.18,19,0.3103,0.0586,0.0192,47,99.000,QCOM200228P00099000,0,0,10.35,10.95,0,0.4321,-0.8646,0.0256,0
02/28/2020,QCOM200228C00100000,0.09,-0.045,0.12,0.14,5,0.3099,0.0432,0.015,334,100.000,QCOM200228P00100000,11.55,0,11.25,11.85,0,0.4535,-0.8738,0.0232,38
02/28/2020,QCOM200228C00105000,0.05,0.005,0,0.06,90,0.3367,0.013,0.0051,212,105.000,QCOM200228P00105000,0,0,16.2,16.75,0,0.562,-0.9019,0.0156,0
02/28/2020,QCOM200228C00110000,0.07,0,0.02,0.08,0,0.4505,0.0176,0.0049,523,110.000,QCOM200228P00110000,0,0,21.15,21.7,0,0.656,-0.9203,0.0115,0
02/28/2020,QCOM200228C00115000,0.21,0,0,0.02,0,0.4414,0.0046,0.0015,24,115.000,QCOM200228P00115000,0,0,26.15,26.7,0,0.7656,-0.9257,0.0093,0
03/06/2020,QCOM200306C00070000,19.79,0,18.25,19,0,0.02,0.9459,0.0078,15,70.000,QCOM200306P00070000,0.09,0,0.04,0.28,0,0.4976,-0.0323,0.0063,3
03/06/2020,QCOM200306C00075000,13.55,0,13.25,14.15,0,0.02,0.9266,0.0131,3,75.000,QCOM200306P00075000,0.2,-0.015,0.14,0.19,2,0.3792,-0.0452,0.0108,92
03/06/2020,QCOM200306C00080000,8.2,0,8.8,9.15,0,0.297,0.8997,0.0246,9,80.000,QCOM200306P00080000,0.69,0.07,0.45,0.49,8,0.3384,-0.1234,0.026,77
03/06/2020,QCOM200306C00081000,6.95,-0.475,7.45,8.55,3,0.3013,0.8667,0.03,7,81.000,QCOM200306P00081000,0.63,0,0.53,0.66,0,0.333,-0.1508,0.0302,13
03/06/2020,QCOM200306C00082000,6.07,0,6.65,7.75,0,0.3019,0.8308,0.0353,1,82.000,QCOM200306P00082000,0.86,-0.125,0.71,0.8,4,0.3303,-0.1843,0.0347,98
03/06/2020,QCOM200306C00083000,0,0,5.8,6.55,0,0.2994,0.7918,0.0407,0,83.000,QCOM200306P00083000,1.35,0.11,0.94,0.99,1,0.3282,-0.2226,0.0391,135
03/06/2020,QCOM200306C00084000,5.35,0,5,5.75,0,0.2937,0.7496,0.0461,4,84.000,QCOM200306P00084000,1.58,0.045,1.19,1.25,9,0.3266,-0.2653,0.0432,66
03/06/2020,QCOM200306C00085000,4.35,-0.05,4.8,5,8,0.2922,0.6996,0.0508,72,85.000,QCOM200306P00085000,1.93,0.05,1.49,1.56,106,0.3272,-0.3127,0.0465,274
03/06/2020,QCOM200306C00086000,3.7,-0.075,4.15,4.3,3,0.293,0.6446,0.0544,220,86.000,QCOM200306P00086000,2.07,-0.225,1.84,1.91,17,0.3272,-0.3624,0.0493,156
03/06/2020,QCOM200306C00087000,3.4,0.2,3.55,3.7,163,0.2897,0.5882,0.0576,166,87.000,QCOM200306P00087000,2.4,0,2.23,2.35,0,0.3286,-0.4141,0.0509,120
03/06/2020,QCOM200306C00088000,2.72,0.035,2.99,3.1,156,0.2941,0.5291,0.058,311,88.000,QCOM200306P00088000,3.35,0.05,2.71,2.83,1,0.3307,-0.4662,0.0516,18
03/06/2020,QCOM200306C00089000,2.42,0.19,2.5,2.59,217,0.2935,0.4708,0.0582,427,89.000,QCOM200306P00089000,3.65,0,3.25,3.35,0,0.3352,-0.5172,0.051,85
03/06/2020,QCOM200306C00090000,2.1,0.235,2.07,2.15,70,0.293,0.4135,0.0571,301,90.000,QCOM200306P00090000,3.71,0,3.8,4.1,0,0.3403,-0.5659,0.0496,31
03/06/2020,QCOM200306C00091000,1.71,0.2,1.7,1.76,33,0.293,0.3586,0.0548,142,91.000,QCOM200306P00091000,3.48,0,4.4,4.7,0,0.3401,-0.6138,0.0482,6
03/06/2020,QCOM200306C00092000,1.08,-0.145,1.37,1.43,12,0.2933,0.3073,0.0515,110,92.000,QCOM200306P00092000,5.26,0,5.15,5.4,0,0.3464,-0.6562,0.0454,1
03/06/2020,QCOM200306C00093000,1.12,0.145,1.1,1.17,54,0.2939,0.2603,0.0475,89,93.000,QCOM200306P00093000,5.82,0,5.8,6.1,0,0.3544,-0.6937,0.0423,31
03/06/2020,QCOM200306C00094000,0.86,0.065,0.85,0.94,18,0.2941,0.2175,0.043,76,94.000,QCOM200306P00094000,6.5,0,6.1,7.1,0,0.3549,-0.7322,0.0396,3
03/06/2020,QCOM200306C00095000,0.55,-0.085,0.7,0.75,44,0.2947,0.1799,0.0383,194,95.000,QCOM200306P00095000,0,0,6.95,8.3,0,0.3643,-0.7613,0.0362,0
03/06/2020,QCOM200306C00096000,0.83,0,0.5,0.61,0,0.297,0.1481,0.0335,54,96.000,QCOM200306P00096000,0,0,8.05,9,0,0.3788,-0.7834,0.0329,0
03/06/2020,QCOM200306C00097000,0.22,-0.2,0.41,0.52,2,0.2984,0.121,0.029,62,97.000,QCOM200306P00097000,0,0,9,9.8,0,0.3981,-0.7992,0.0299,0
03/06/2020,QCOM200306C00098000,0.3,-0.03,0.31,0.38,2,0.3045,0.1014,0.0251,60,98.000,QCOM200306P00098000,0,0,9.8,10.85,0,0.4038,-0.8214,0.0274,0
03/06/2020,QCOM200306C00099000,0.36,0,0.24,0.31,0,0.3085,0.0836,0.0214,7,99.000,QCOM200306P00099000,12.65,0,10.7,11.8,0,0.4286,-0.829,0.0251,1
03/06/2020,QCOM200306C00100000,0.19,-0.035,0.09,0.25,8,0.3065,0.0648,0.0178,137,100.000,QCOM200306P00100000,0,0,11.7,12.7,0,0.4482,-0.8384,0.0231,0
03/06/2020,QCOM200306C00105000,0.06,-0.05,0.06,0.13,4,0.3475,0.0312,0.0087,219,105.000,QCOM200306P00105000,0,0,16.6,17.45,0,0.5449,-0.8698,0.0163,0
03/06/2020,QCOM200306C00110000,0.43,0,0,0.27,0,0.4475,0.0343,0.0073,2,110.000,QCOM200306P00110000,0,0,21.6,22.35,0,0.6211,-0.8941,0.0123,0
03/06/2020,QCOM200306C00115000,0,0,0,0.23,0,0.5052,0.0265,0.0052,0,115.000,QCOM200306P00115000,0,0,26.6,27.3,0,0.7032,-0.9064,0.0099,0
03/13/2020,QCOM200313C00070000,18.6,0,18.3,19,0,0.02,0.94,0.0082,6,70.000,QCOM200313P00070000,0.03,0,0.05,0.33,0,0.4599,-0.0383,0.0069,6
03/13/2020,QCOM200313C00075000,0,0,13.25,14.2,0,0.02,1,0.0136,0,75.000,QCOM200313P00075000,0.2,-0.03,0.2,0.24,1,0.3499,-0.0522,0.0116,31
03/13/2020,QCOM200313C00080000,7.74,-0.685,8.45,9.55,16,0.2854,0.8806,0.0257,39,80.000,QCOM200313P00080000,0.83,0.04,0.62,0.66,17,0.3285,-0.1447,0.0264,88
03/13/2020,QCOM200313C00081000,0,0,7.6,8.7,0,0.2853,0.8499,0.0304,0,81.000,QCOM200313P00081000,0.81,-0.165,0.78,0.82,38,0.3262,-0.1742,0.03,93
03/13/2020,QCOM200313C00082000,0,0,6.75,7.85,0,0.2908,0.8102,0.0349,0,82.000,QCOM200313P00082000,1,0,0.95,1.02,0,0.3237,-0.207,0.0336,19
03/13/2020,QCOM200313C00083000,0,0,5.85,7.1,0,0.2887,0.7718,0.0393,0,83.000,QCOM200313P00083000,1.4,0,1.19,1.24,0,0.3211,-0.2434,0.0371,12
03/13/2020,QCOM200313C00084000,7.9,0,5.5,5.9,0,0.2903,0.727,0.0431,275,84.000,QCOM200313P00084000,1.88,0.075,1.44,1.58,1,0.3231,-0.2855,0.04,29
03/13/2020,QCOM200313C00085000,4.26,-0.34,5,5.2,5,0.2889,0.6806,0.0467,97,85.000,QCOM200313P00085000,1.82,-0.355,1.77,1.83,32,0.3202,-0.3277,0.0429,68
03/13/2020,QCOM200313C00086000,3.95,-0.075,4.4,4.55,25,0.2873,0.6313,0.0496,73,86.000,QCOM200313P00086000,2.66,0.07,2.14,2.2,23,0.3195,-0.373,0.045,47
03/13/2020,QCOM200313C00087000,3.49,0.04,3.75,3.9,405,0.283,0.5802,0.0523,503,87.000,QCOM200313P00087000,2.88,-0.17,2.54,2.64,5,0.3205,-0.42,0.0463,106
03/13/2020,QCOM200313C00088000,3.16,0.205,3.25,3.35,49,0.2857,0.5267,0.0528,178,88.000,QCOM200313P00088000,3.74,0.165,2.98,3.15,2,0.324,-0.4673,0.0466,29
03/13/2020,QCOM200313C00089000,2.82,0.315,2.76,2.8,13,0.2859,0.4737,0.0528,44,89.000,QCOM200313P00089000,3.83,-0.32,3.45,3.7,3,0.3259,-0.5137,0.0464,8
03/13/2020,QCOM200313C00090000,2.24,0.13,2.31,2.38,13,0.2867,0.4221,0.0518,205,90.000,QCOM200313P00090000,4.42,-0.355,4.05,4.35,1,0.3306,-0.5579,0.0452,19
03/13/2020,QCOM200313C00091000,1.84,0.08,1.94,1.99,5,0.2871,0.3723,0.0501,29,91.000,QCOM200313P00091000,4.21,0,4.7,4.9,0,0.3286,-0.6026,0.0444,3
03/13/2020,QCOM200313C00092000,1.61,0.145,1.57,1.68,8,0.2866,0.3246,0.0477,52,92.000,QCOM200313P00092000,4.35,0,5.35,5.75,0,0.335,-0.6415,0.0422,1
03/13/2020,QCOM200313C00093000,1.15,-0.06,1.29,1.38,1,0.2872,0.2808,0.0446,38,93.000,QCOM200313P00093000,7.4,0,6.05,6.4,0,0.3349,-0.681,0.0402,1
03/13/2020,QCOM200313C00094000,0.86,-0.14,1.06,1.14,6,0.2884,0.2412,0.0411,23,94.000,QCOM200313P00094000,7.49,0,6.5,7.1,0,0.3426,-0.7129,0.0375,1
03/13/2020,QCOM200313C00095000,0.85,0.025,0.84,0.94,2,0.288,0.204,0.0374,65,95.000,QCOM200313P00095000,7.2,0,7.3,8.45,0,0.3437,-0.7462,0.0351,0
03/13/2020,QCOM200313C00096000,0.69,0.015,0.71,0.76,27,0.2915,0.1742,0.0336,42,96.000,QCOM200313P00096000,0,0,8.2,9.25,0,0.3603,-0.7655,0.032,0
03/13/2020,QCOM200313C00097000,0.71,0,0.57,0.62,0,0.2923,0.1459,0.0298,41,97.000,QCOM200313P00097000,0,0,9,10.15,0,0.3621,-0.7924,0.0296,0
03/13/2020,QCOM200313C00100000,0.29,-0.035,0.29,0.35,9,0.3014,0.0868,0.02,81,100.000,QCOM200313P00100000,0,0,11.6,12.75,0,0.4076,-0.8312,0.023,0
03/13/2020,QCOM200313C00105000,0.1,-0.145,0.1,0.42,1,0.3727,0.0638,0.0128,47,105.000,QCOM200313P00105000,0,0,16.65,17.55,0,0.4858,-0.8677,0.0163,0
03/13/2020,QCOM200313C00110000,0.1,0,0,0.31,0,0.4062,0.0379,0.0077,25,110.000,QCOM200313P00110000,0,0,21.65,22.4,0,0.5644,-0.887,0.0125,0
03/20/2020,QCOM200320C00065000,24.92,0,23.45,23.9,0,0.02,0.9361,0.0062,28,65.000,QCOM200320P00065000,0.04,0.015,0.02,0.04,18,0.3996,-0.0082,0.0019,106
03/20/2020,QCOM200320C00070000,17,-0.875,18.5,18.95,1,0.02,0.9251,0.009,47,70.000,QCOM200320P00070000,0.1,0.005,0.08,0.11,14,0.3674,-0.0239,0.0053,282
03/20/2020,QCOM200320C00075000,12.75,-0.25,13.6,14.05,1,0.02,1,0.0147,267,75.000,QCOM200320P00075000,0.29,-0.025,0.25,0.3,69,0.336,-0.0633,0.0128,11238
03/20/2020,QCOM200320C00080000,8.15,-0.325,9.05,9.3,49,0.2967,0.8465,0.0267,353,80.000,QCOM200320P00080000,0.83,-0.135,0.74,0.83,187,0.3192,-0.1625,0.0265,3662
03/20/2020,QCOM200320C00082500,6.8,0.25,7,7.25,248,0.2953,0.7626,0.0355,667,82.500,QCOM200320P00082500,1.32,-0.255,1.28,1.37,193,0.3143,-0.2423,0.0342,3797
03/20/2020,QCOM200320C00085000,5.3,0.45,5.15,5.4,366,0.2897,0.6615,0.0431,7861,85.000,QCOM200320P00085000,2.15,-0.29,2.02,2.1,282,0.3105,-0.3397,0.0406,2563
03/20/2020,QCOM200320C00087500,3.7,0.3,3.65,3.85,199,0.2894,0.5451,0.0469,3633,87.500,QCOM200320P00087500,3.2,-0.4,3.05,3.2,122,0.3111,-0.4487,0.0437,2149
03/20/2020,QCOM200320C00090000,2.66,0.29,2.6,2.64,1323,0.2893,0.4275,0.0466,5677,90.000,QCOM200320P00090000,5.15,0.1,4.4,4.55,42,0.314,-0.5572,0.0431,1146
03/20/2020,QCOM200320C00092500,1.72,0.15,1.68,1.78,408,0.29,0.3193,0.0424,3613,92.500,QCOM200320P00092500,7.25,0.5,6,6.2,6,0.3162,-0.6571,0.0397,429
03/20/2020,QCOM200320C00095000,1.13,0.12,1.09,1.16,351,0.291,0.2275,0.0357,3991,95.000,QCOM200320P00095000,8.3,-0.425,7.9,8.2,9,0.3245,-0.7387,0.034,270
03/20/2020,QCOM200320C00097500,0.7,0.065,0.67,0.72,242,0.2932,0.1559,0.0281,8754,97.500,QCOM200320P00097500,11.47,0,9.95,10.25,0,0.3373,-0.8,0.028,211
03/20/2020,QCOM200320C00100000,0.43,0.025,0.43,0.45,366,0.2975,0.1047,0.021,12282,100.000,QCOM200320P00100000,12.76,0,12.2,12.5,0,0.3545,-0.8437,0.0226,367
03/20/2020,QCOM200320C00105000,0.16,-0.015,0.17,0.19,86,0.3111,0.0469,0.0109,1575,105.000,QCOM200320P00105000,18.37,0.47,16.85,17.3,1,0.4061,-0.8888,0.0154,241
03/20/2020,QCOM200320C00110000,0.08,0,0.08,0.1,185,0.3347,0.0241,0.0059,1233,110.000,QCOM200320P00110000,23,0,21.75,22.2,0,0.4616,-0.9121,0.0112,39
03/20/2020,QCOM200320C00115000,0.04,-0.015,0.04,0.05,54,0.3458,0.0107,0.0028,1038,115.000,QCOM200320P00115000,27.97,0,26.7,27.15,0,0.517,-0.9256,0.0087,7
03/20/2020,QCOM200320C00120000,0.02,0,0,0.04,0,0.3662,0.0058,0.0016,161,120.000,QCOM200320P00120000,31.68,0,31.5,32.15,0,0.5813,-0.9306,0.0073,40
03/20/2020,QCOM200320C00125000,0.05,0,0,0.04,0,0.3954,0.0041,0.0011,98,125.000,QCOM200320P00125000,0,0,36.7,37.15,0,0.6342,-0.9368,0.0062,0
03/20/2020,QCOM200320C00130000,0.01,0,0,0.01,0,0.3908,0.0014,0.0004,254,130.000,QCOM200320P00130000,0,0,41.65,42.15,0,0.6847,-0.9415,0.0053,0
03/27/2020,QCOM200327C00070000,0,0,18.25,19.15,0,0.02,1,0.0084,0,70.000,QCOM200327P00070000,0,0,0.04,0.44,0,0.4057,-0.0458,0.0075,0
03/27/2020,QCOM200327C00075000,0,0,13.3,14.3,0,0.02,1,0.0139,0,75.000,QCOM200327P00075000,0,0,0.07,0.77,0,0.3293,-0.0724,0.0133,0
03/27/2020,QCOM200327C00080000,0,0,9,9.55,0,0.2674,0.8572,0.0261,0,80.000,QCOM200327P00080000,1.17,1.17,0.75,1.53,7,0.3161,-0.1738,0.0258,7
03/27/2020,QCOM200327C00083000,6.36,0.06,6.75,7.35,1,0.2743,0.7493,0.0364,1,83.000,QCOM200327P00083000,1.91,0.03,1.46,1.74,3,0.3126,-0.2684,0.0335,4
03/27/2020,QCOM200327C00084000,0,0,6.05,6.35,0,0.275,0.7087,0.0392,0,84.000,QCOM200327P00084000,2.9,0,1.72,2.12,0,0.3106,-0.3042,0.0357,15
03/27/2020,QCOM200327C00085000,4.75,-0.325,5.25,5.65,1,0.2715,0.6678,0.0421,6,85.000,QCOM200327P00085000,2.42,0,2.02,2.46,0,0.3115,-0.3429,0.0374,36
03/27/2020,QCOM200327C00086000,4.57,0,4.7,5.05,0,0.2751,0.622,0.0436,8,86.000,QCOM200327P00086000,2.95,0,2.37,2.85,0,0.3106,-0.3822,0.0389,4
03/27/2020,QCOM200327C00087000,3.85,-0.1,4.2,4.6,65,0.2765,0.5764,0.0447,1040,87.000,QCOM200327P00087000,3.25,-0.25,2.94,3.2,1,0.3121,-0.4227,0.0397,8
03/27/2020,QCOM200327C00088000,3.5,0.075,3.65,4.05,8,0.2761,0.5306,0.0456,38,88.000,QCOM200327P00088000,0,0,3.4,3.7,0,0.3111,-0.4633,0.0404,0
03/27/2020,QCOM200327C00089000,2.66,-0.32,3.2,3.4,2,0.2759,0.4849,0.0457,3,89.000,QCOM200327P00089000,4.3,-0.275,3.85,4.25,2,0.3127,-0.5036,0.0404,11
03/27/2020,QCOM200327C00090000,2.4,-0.14,2.57,3.05,5,0.2765,0.44,0.0452,63,90.000,QCOM200327P00090000,4.55,0,4.35,4.95,0,0.3112,-0.5439,0.0403,3
03/27/2020,QCOM200327C00091000,2.64,0,2.35,2.67,0,0.2788,0.3974,0.0438,2,91.000,QCOM200327P00091000,5.15,0,5.2,5.65,0,0.3146,-0.5816,0.0392,2
03/27/2020,QCOM200327C00092000,2.05,0.09,1.95,2.71,5,0.2764,0.3541,0.0427,41,92.000,QCOM200327P00092000,0,0,5.85,6.1,0,0.3151,-0.6189,0.0382,0
03/27/2020,QCOM200327C00093000,0,0,1.4,2.05,0,0.2755,0.3136,0.0408,0,93.000,QCOM200327P00093000,0,0,6.3,7.2,0,0.3168,-0.6538,0.0367,0
03/27/2020,QCOM200327C00094000,1.38,-0.025,1.28,1.62,27,0.2759,0.2762,0.0384,28,94.000,QCOM200327P00094000,7.92,0,7.15,7.65,0,0.3201,-0.6856,0.0349,1
03/27/2020,QCOM200327C00095000,1.1,-0.09,1.03,1.39,4,0.2778,0.2431,0.0358,26,95.000,QCOM200327P00095000,0,0,7.8,8.35,0,0.328,-0.7119,0.0327,0
03/27/2020,QCOM200327C00096000,1.01,0,0.74,1.36,0,0.2799,0.2132,0.033,1,96.000,QCOM200327P00096000,0,0,8.25,9.7,0,0.3339,-0.7371,0.0307,0
03/27/2020,QCOM200327C00097000,0.8,-0.065,0.49,1.5,2,0.2792,0.1835,0.0302,2,97.000,QCOM200327P00097000,0,0,9.25,10.45,0,0.3351,-0.7635,0.0288,0
03/27/2020,QCOM200327C00100000,0,0,0.48,1.05,0,0.2869,0.1202,0.0222,0,100.000,QCOM200327P00100000,0,0,11.9,13,0,0.3537,-0.8191,0.0232,0
03/27/2020,QCOM200327C00105000,0,0,0.2,0.61,0,0.3019,0.0587,0.0123,0,105.000,QCOM200327P00105000,0,0,16.7,17.65,0,0.4295,-0.851,0.0168,0
03/27/2020,QCOM200327C00110000,0,0,0.02,0.42,0,0.3507,0.044,0.0084,0,110.000,QCOM200327P00110000,0,0,21.65,22.45,0,0.4866,-0.8776,0.0128,0
04/17/2020,QCOM200417C00040000,50.8,0,48.3,48.95,0,0.02,0.9376,0.0021,9,40.000,QCOM200417P00040000,0.11,0,0,0.03,0,0.668,-0.0018,0.0002,91
04/17/2020,QCOM200417C00045000,0,0,43.3,43.95,0,0.02,0.9394,0.0025,0,45.000,QCOM200417P00045000,0.03,0,0,0.03,0,0.5747,-0.0021,0.0003,170
04/17/2020,QCOM200417C00050000,40.13,0,38.3,38.95,0,0.02,0.9413,0.003,16,50.000,QCOM200417P00050000,0.08,0,0,0.03,0,0.4912,-0.0025,0.0004,128
04/17/2020,QCOM200417C00055000,34.89,0,33.3,33.9,0,0.02,0.9445,0.0036,2,55.000,QCOM200417P00055000,0.01,0,0.01,0.03,0,0.4406,-0.0046,0.0008,230
04/17/2020,QCOM200417C00060000,27.6,-0.25,28.45,28.9,15,0.02,0.9421,0.0046,55,60.000,QCOM200417P00060000,0.03,0.01,0.02,0.04,216,0.3719,-0.0061,0.0012,379
04/17/2020,QCOM200417C00065000,24.2,0,23.25,24.1,0,0.02,0.9416,0.006,19,65.000,QCOM200417P00065000,0.07,0,0.05,0.09,0,0.3404,-0.0147,0.0029,2121
04/17/2020,QCOM200417C00067500,25.5,0,20.75,21.65,0,0.02,0.9378,0.0071,24,67.500,QCOM200417P00067500,0.14,0.01,0.09,0.13,10,0.3251,-0.0226,0.0043,592
04/17/2020,QCOM200417C00070000,18.2,0.225,18.5,19,6,0.02,0.9308,0.0087,106,70.000,QCOM200417P00070000,0.22,-0.005,0.17,0.21,268,0.318,-0.0378,0.0068,2706
04/17/2020,QCOM200417C00072500,14.11,0,16.1,16.6,0,0.02,1,0.0112,120,72.500,QCOM200417P00072500,0.4,0.015,0.29,0.34,19,0.309,-0.0593,0.0101,557
04/17/2020,QCOM200417C00075000,12.95,-0.3,13.75,14.25,1,0.2602,0.9307,0.0126,225,75.000,QCOM200417P00075000,0.58,-0.055,0.49,0.55,83,0.3043,-0.093,0.0144,3675
04/17/2020,QCOM200417C00077500,10.8,-0.225,11.35,11.85,13,0.2758,0.8731,0.0192,211,77.500,QCOM200417P00077500,0.91,-0.1,0.8,0.9,198,0.3007,-0.1395,0.0194,1368
04/17/2020,QCOM200417C00080000,8.87,-0.155,9.5,9.8,31,0.2694,0.8153,0.0255,714,80.000,QCOM200417P00080000,1.29,-0.245,1.27,1.35,191,0.2987,-0.2001,0.0246,2774
04/17/2020,QCOM200417C00082500,7.28,0.055,7.7,7.9,41,0.2719,0.736,0.0312,556,82.500,QCOM200417P00082500,2.05,-0.215,1.95,2.05,228,0.2982,-0.2738,0.0293,2087
04/17/2020,QCOM200417C00085000,6,0.325,6.05,6.25,68,0.275,0.646,0.0353,1167,85.000,QCOM200417P00085000,2.97,-0.23,2.78,2.9,280,0.2978,-0.3556,0.0328,3908
04/17/2020,QCOM200417C00087500,4.6,0.25,4.65,4.85,183,0.2765,0.5519,0.0374,2114,87.500,QCOM200417P00087500,3.9,-0.5,3.85,4,117,0.2972,-0.4428,0.0348,1405
04/17/2020,QCOM200417C00090000,3.55,0.275,3.45,3.6,830,0.2783,0.4583,0.0374,5551,90.000,QCOM200417P00090000,5.95,0.15,5.2,5.35,215,0.3008,-0.5293,0.0346,2998
04/17/2020,QCOM200417C00092500,2.5,0.105,2.59,2.71,422,0.278,0.3692,0.0356,2482,92.500,QCOM200417P00092500,7.56,0.11,6.75,6.95,152,0.3021,-0.6114,0.0332,626
04/17/2020,QCOM200417C00095000,1.82,0.105,1.85,1.95,195,0.2791,0.2897,0.0322,2759,95.000,QCOM200417P00095000,9.45,0.175,8.5,8.75,8,0.308,-0.6826,0.0302,581
04/17/2020,QCOM200417C00097500,1.24,0.03,1.3,1.41,284,0.2797,0.2209,0.0279,1386,97.500,QCOM200417P00097500,12.24,0,10.45,10.7,0,0.3121,-0.7449,0.0267,44
04/17/2020,QCOM200417C00100000,0.87,0.025,0.9,0.96,119,0.281,0.1648,0.0232,7149,100.000,QCOM200417P00100000,13.25,0,12.55,12.75,0,0.3227,-0.7919,0.023,95
04/17/2020,QCOM200417C00105000,0.39,-0.01,0.41,0.46,54,0.2843,0.0866,0.0146,2942,105.000,QCOM200417P00105000,18.52,0.495,17.05,17.45,1,0.3543,-0.8512,0.0168,111
04/17/2020,QCOM200417C00110000,0.19,-0.01,0.19,0.22,67,0.2902,0.044,0.0084,1833,110.000,QCOM200417P00110000,21.91,0,21.55,22.6,0,0.3917,-0.8844,0.0126,12
04/17/2020,QCOM200417C00115000,0.08,-0.015,0.08,0.11,25,0.3004,0.0234,0.0048,1005,115.000,QCOM200417P00115000,28,0,26.75,27.2,0,0.4336,-0.9026,0.01,20
04/17/2020,QCOM200417C00120000,0.05,-0.015,0.04,0.06,78,0.3061,0.0115,0.0026,296,120.000,QCOM200417P00120000,0,0,31.55,32.35,0,0.4855,-0.9093,0.0084,0
06/19/2020,QCOM200619C00035000,56.65,0,53.3,53.95,0,0.02,0.9325,0.0017,20,35.000,QCOM200619P00035000,0.06,0,0,0.05,0,0.5866,-0.0024,0.0002,65
06/19/2020,QCOM200619C00040000,38.29,0,48.3,48.95,0,0.02,0.933,0.0021,0,40.000,QCOM200619P00040000,0.12,0,0,0.18,0,0.5914,-0.0077,0.0007,550
06/19/2020,QCOM200619C00045000,45.1,0,43.3,43.95,0,0.02,0.9343,0.0025,3,45.000,QCOM200619P00045000,0.1,0,0,0.18,0,0.5103,-0.009,0.0009,539
06/19/2020,QCOM200619C00050000,37.52,0,38.3,39,0,0.02,0.935,0.0031,35,50.000,QCOM200619P00050000,0.05,0,0.03,0.29,0,0.4721,-0.0153,0.0015,1137
06/19/2020,QCOM200619C00055000,25.37,0,33.3,34.05,0,0.02,0.9349,0.0038,27,55.000,QCOM200619P00055000,0.09,0,0.03,0.4,0,0.4309,-0.0243,0.0025,1075
06/19/2020,QCOM200619C00057500,31.96,0,30.75,31.6,0,0.02,1,0.0042,34,57.500,QCOM200619P00057500,0.15,0,0.07,0.41,0,0.396,-0.0265,0.0029,172
06/19/2020,QCOM200619C00060000,27.9,0,28.25,29.15,0,0.02,1,0.0048,683,60.000,QCOM200619P00060000,0.25,0.03,0.1,0.48,50,0.3969,-0.0399,0.0041,2515
06/19/2020,QCOM200619C00062500,27.73,0,25.7,26.8,0,0.02,1,0.0056,74,62.500,QCOM200619P00062500,0.33,0,0.15,0.69,0,0.3718,-0.0474,0.005,2579
06/19/2020,QCOM200619C00065000,23.8,0,23.25,24.3,0,0.02,1,0.0065,378,65.000,QCOM200619P00065000,0.48,0.015,0.22,0.93,2,0.3391,-0.0529,0.006,1069
06/19/2020,QCOM200619C00067500,20.75,0,20.85,22.05,0,0.02,1,0.0081,92,67.500,QCOM200619P00067500,0.67,0,0.35,1.17,0,0.3319,-0.0725,0.0078,2326
06/19/2020,QCOM200619C00070000,18.05,-0.45,18.55,19.9,5,0.2821,0.9192,0.0091,569,70.000,QCOM200619P00070000,0.85,-0.09,0.81,0.92,657,0.3242,-0.0969,0.01,1844
06/19/2020,QCOM200619C00072500,16.1,-0.2,16.65,17.65,2,0.2906,0.8806,0.0122,357,72.500,QCOM200619P00072500,1.34,0.065,1.12,1.58,3,0.3198,-0.129,0.0124,1102
06/19/2020,QCOM200619C00075000,15,0,14.7,15.1,0,0.2801,0.8468,0.0153,983,75.000,QCOM200619P00075000,1.62,-0.16,1.52,1.89,17,0.3159,-0.1677,0.015,2935
06/19/2020,QCOM200619C00077500,14.29,0,12.5,13.25,0,0.287,0.7932,0.0182,675,77.500,QCOM200619P00077500,2.56,0.16,1.97,2.72,57,0.3139,-0.2136,0.0175,887
06/19/2020,QCOM200619C00080000,10.9,0.275,10.95,11.55,7,0.2902,0.7363,0.0208,1309,80.000,QCOM200619P00080000,2.88,-0.27,2.82,2.98,11,0.3136,-0.2658,0.0197,2561
06/19/2020,QCOM200619C00082500,8.8,-0.1,9.15,10,6,0.284,0.6789,0.0234,396,82.500,QCOM200619P00082500,3.8,-0.275,3.65,3.85,573,0.311,-0.3212,0.0217,2267
06/19/2020,QCOM200619C00085000,7.13,-0.295,7.65,8.2,11,0.2852,0.6143,0.025,2287,85.000,QCOM200619P00085000,5.16,0.01,4.35,5.15,30,0.3094,-0.3802,0.0231,890
06/19/2020,QCOM200619C00087500,6.2,-0.025,6.2,7,29,0.284,0.5486,0.0261,2028,87.500,QCOM200619P00087500,6.35,0,5.55,6.15,201,0.31,-0.4407,0.0239,836
06/19/2020,QCOM200619C00090000,5.26,0.185,5.05,5.5,119,0.2843,0.4832,0.0263,2896,90.000,QCOM200619P00090000,7.83,0.13,6.9,7.6,457,0.3094,-0.5009,0.0242,683
06/19/2020,QCOM200619C00092500,4.25,0.25,4.05,4.5,46,0.2854,0.4203,0.0257,1347,92.500,QCOM200619P00092500,9.39,0.14,8.55,9,1,0.31,-0.559,0.0238,119
06/19/2020,QCOM200619C00095000,3.5,0.225,3.4,3.6,224,0.2828,0.3589,0.0248,2937,95.000,QCOM200619P00095000,10.5,0,10.25,10.85,0,0.3115,-0.6135,0.0229,132
06/19/2020,QCOM200619C00097500,2.75,0.205,2.66,3.15,47,0.2828,0.3035,0.0233,1557,97.500,QCOM200619P00097500,9.5,0,12.05,12.35,0,0.3129,-0.6641,0.0217,7
06/19/2020,QCOM200619C00100000,2.15,0.175,2.09,2.29,113,0.2837,0.2543,0.0213,3097,100.000,QCOM200619P00100000,14,0,14.05,14.45,0,0.3154,-0.7091,0.0201,46
06/19/2020,QCOM200619C00105000,1.14,-0.11,1.23,1.58,11,0.2832,0.1711,0.0169,1415,105.000,QCOM200619P00105000,18.5,0,17.9,18.65,0,0.328,-0.7779,0.0167,21
06/19/2020,QCOM200619C00110000,0.77,0.015,0.63,1.2,11,0.2829,0.1101,0.0125,1656,110.000,QCOM200619P00110000,16.8,0,22.4,23.65,0,0.3418,-0.8282,0.0136,3
06/19/2020,QCOM200619C00115000,0.49,0.025,0.4,1.02,20,0.2909,0.0745,0.0091,850,115.000,QCOM200619P00115000,21.6,0,26.7,28.1,0,0.3644,-0.8581,0.0111,29
06/19/2020,QCOM200619C00120000,0.32,-0.005,0.25,0.36,21,0.2971,0.0496,0.0065,867,120.000,QCOM200619P00120000,36.3,0,31.55,32.95,0,0.4084,-0.8645,0.0096,10
06/19/2020,QCOM200619C00125000,0.5,0,0.11,0.41,0,0.3183,0.0408,0.0052,350,125.000,QCOM200619P00125000,38.2,0,36.55,37.65,0,0.4253,-0.8851,0.0081,8
06/19/2020,QCOM200619C00130000,0.1,-0.065,0.01,0.16,187,0.3137,0.0239,0.0034,1501,130.000,QCOM200619P00130000,0,0,41.55,42.5,0,0.4479,-0.8974,0.007,0
07/17/2020,QCOM200717C00045000,41.51,0,43.3,43.95,0,0.02,0.9312,0.0025,3,45.000,QCOM200717P00045000,0.11,0,0.03,0.26,0,0.4879,-0.0119,0.0011,3
07/17/2020,QCOM200717C00050000,37.9,0,38.3,39,0,0.02,0.9315,0.0031,12,50.000,QCOM200717P00050000,0,0,0.02,0.34,0,0.4406,-0.0176,0.0017,0
07/17/2020,QCOM200717C00055000,35,0,33.25,34.1,0,0.02,1,0.0038,2,55.000,QCOM200717P00055000,0.17,0,0.06,0.5,0,0.4044,-0.0279,0.0027,698
07/17/2020,QCOM200717C00060000,29.08,0,28.25,29.25,0,0.02,1,0.005,13,60.000,QCOM200717P00060000,0.57,0,0.3,0.46,0,0.3612,-0.0406,0.0041,300
07/17/2020,QCOM200717C00065000,22.85,-0.375,23.3,24.5,3,0.02,1,0.0069,11,65.000,QCOM200717P00065000,0.72,0.055,0.48,1.11,1,0.334,-0.0664,0.0066,335
07/17/2020,QCOM200717C00070000,18,-0.675,18.9,20.15,8,0.2883,0.895,0.0099,460,70.000,QCOM200717P00070000,1.24,0.02,1,1.8,56,0.3208,-0.1139,0.0103,2136
07/17/2020,QCOM200717C00075000,14.35,-0.25,14.95,15.95,2,0.2897,0.8181,0.015,101,75.000,QCOM200717P00075000,2.23,0.02,1.8,2.27,3,0.3115,-0.1841,0.0146,558
07/17/2020,QCOM200717C00077500,12.56,-0.215,13.05,13.95,1,0.2881,0.7722,0.0174,38,77.500,QCOM200717P00077500,2.88,0.05,2.35,2.99,4,0.308,-0.2276,0.0167,828
07/17/2020,QCOM200717C00080000,10.7,-0.325,11.15,11.85,2,0.2887,0.7199,0.0195,112,80.000,QCOM200717P00080000,3.75,0.15,3,3.5,754,0.3059,-0.2765,0.0187,3488
07/17/2020,QCOM200717C00082500,9.5,0.05,9.5,10.15,17,0.2855,0.6654,0.0214,136,82.500,QCOM200717P00082500,4.65,0.1,3.85,4.85,375,0.3027,-0.3285,0.0203,1236
07/17/2020,QCOM200717C00085000,7.62,-0.38,8.15,9.05,28,0.2858,0.6068,0.0227,295,85.000,QCOM200717P00085000,5.5,-0.125,4.85,5.45,4,0.3023,-0.3838,0.0215,828
07/17/2020,QCOM200717C00087500,6.6,-0.075,6.8,7.4,46,0.2825,0.5472,0.0237,220,87.500,QCOM200717P00087500,6.29,0,6.3,6.55,0,0.2998,-0.4402,0.0224,132
07/17/2020,QCOM200717C00090000,5.25,-0.35,5.75,6.25,9,0.2835,0.4878,0.0239,2357,90.000,QCOM200717P00090000,8.59,0.39,7.55,8.1,3,0.3,-0.4963,0.0226,583
07/17/2020,QCOM200717C00092500,4.7,0.075,4.55,5.2,73,0.2813,0.4291,0.0237,783,92.500,QCOM200717P00092500,10.38,0.655,9.05,9.8,1,0.3008,-0.5505,0.0223,152
07/17/2020,QCOM200717C00095000,3.86,0.185,3.6,4.6,9,0.2797,0.3728,0.023,1398,95.000,QCOM200717P00095000,12.3,0.875,10.6,11.2,1,0.2992,-0.6034,0.0217,201
07/17/2020,QCOM200717C00097500,2.85,-0.17,3.1,3.35,22,0.279,0.3206,0.0219,369,97.500,QCOM200717P00097500,11.54,0,12.45,12.85,0,0.3002,-0.6517,0.0207,6
07/17/2020,QCOM200717C00100000,2.21,-0.255,2.38,2.71,16,0.279,0.2732,0.0203,2789,100.000,QCOM200717P00100000,15.38,0,14.3,14.8,0,0.301,-0.6962,0.0195,47
07/17/2020,QCOM200717C00105000,1.56,-0.005,1.07,2,19,0.2768,0.1906,0.0168,1441,105.000,QCOM200717P00105000,19.54,0,17.9,18.8,0,0.3088,-0.767,0.0164,3
07/17/2020,QCOM200717C00110000,0.91,-0.075,0.91,1.25,22,0.2778,0.1301,0.013,1395,110.000,QCOM200717P00110000,23.19,-0.385,22.15,23.2,5,0.3164,-0.8216,0.0135,21
07/17/2020,QCOM200717C00115000,0.65,0,0.06,0.74,0,0.2801,0.0876,0.0097,128,115.000,QCOM200717P00115000,0,0,27.05,28.05,0,0.3371,-0.8515,0.0111,0
07/17/2020,QCOM200717C00120000,0.39,-0.015,0.07,0.46,4,0.2849,0.0599,0.0071,259,120.000,QCOM200717P00120000,0,0,31.55,33.1,0,0.3701,-0.8638,0.0095,0
07/17/2020,QCOM200717C00125000,0.43,0,0.03,0.53,0,0.2904,0.0412,0.0052,85,125.000,QCOM200717P00125000,0,0,36.55,37.8,0,0.3909,-0.8803,0.0081,0
07/17/2020,QCOM200717C00130000,0.21,0,0.05,0.22,0,0.2895,0.0257,0.0035,345,130.000,QCOM200717P00130000,0,0,41.45,42.6,0,0.4072,-0.8955,0.007,0
01/15/2021,QCOM210115C00025000,61,0,63.2,64.15,0,0.02,1,0.0009,44,25.000,QCOM210115P00025000,0.07,0,0,0.08,0,0.5151,-0.0027,0.0002,205
01/15/2021,QCOM210115C00030000,57.6,0,58.1,59,0,0.02,1,0.0013,32,30.000,QCOM210115P00030000,0.17,0,0,0.11,0,0.4572,-0.0039,0.0003,496
01/15/2021,QCOM210115C00035000,50.6,0,53.15,54.05,0,0.02,1,0.0017,127,35.000,QCOM210115P00035000,0.1,0,0,0.09,0,0.3602,-0.0024,0.0002,618
01/15/2021,QCOM210115C00038000,48.05,0,50.15,51.05,0,0.02,1,0.0019,12,38.000,QCOM210115P00038000,0.1,0,0,0.13,0,0.3554,-0.0044,0.0004,240
01/15/2021,QCOM210115C00040000,50.53,0,48.15,49.05,0,0.02,1,0.0021,1165,40.000,QCOM210115P00040000,0.12,0,0.05,0.15,0,0.3618,-0.0075,0.0007,2777
01/15/2021,QCOM210115C00043000,37.7,0,45.2,46.05,0,0.02,1,0.0024,3,43.000,QCOM210115P00043000,0.29,0,0.13,0.22,0,0.361,-0.0128,0.0011,166
01/15/2021,QCOM210115C00045000,40.5,0,43.25,44.05,0,0.02,1,0.0026,175,45.000,QCOM210115P00045000,0.22,0.07,0.19,0.25,2,0.3569,-0.0169,0.0014,2359
01/15/2021,QCOM210115C00047000,40.35,0,41.2,42.1,0,0.02,1,0.0028,275,47.000,QCOM210115P00047000,0.28,0,0.25,0.31,0,0.3542,-0.0223,0.0017,615
01/15/2021,QCOM210115C00050000,37.9,0,38.3,39.1,0,0.02,1,0.0032,2610,50.000,QCOM210115P00050000,0.37,0,0.37,0.44,0,0.3486,-0.032,0.0024,2550
01/15/2021,QCOM210115C00052500,37.05,0,35.7,36.65,0,0.02,1,0.0036,1282,52.500,QCOM210115P00052500,0.59,-0.02,0.51,0.6,3,0.3399,-0.0407,0.003,768
01/15/2021,QCOM210115C00055000,32.7,-0.375,33.3,34.25,5,0.02,1,0.0041,4845,55.000,QCOM210115P00055000,0.79,0,0.73,0.78,0,0.3358,-0.053,0.0037,1863
01/15/2021,QCOM210115C00057500,30.05,-0.675,30.85,32.3,3,0.3268,0.9121,0.0045,2136,57.500,QCOM210115P00057500,0.98,0,0.93,1.01,0,0.3322,-0.0677,0.0046,5757
01/15/2021,QCOM210115C00060000,28.12,-0.33,28.85,29.5,254,0.3134,0.9,0.0054,1950,60.000,QCOM210115P00060000,1.26,-0.08,1.21,1.28,2,0.3281,-0.0848,0.0055,5737
01/15/2021,QCOM210115C00062500,30.05,0,26.6,27.4,0,0.3035,0.884,0.0064,425,62.500,QCOM210115P00062500,1.76,0.05,1.55,1.64,361,0.325,-0.1049,0.0065,2024
01/15/2021,QCOM210115C00065000,26.04,0,24.5,25.2,0,0.3019,0.8607,0.0075,2721,65.000,QCOM210115P00065000,2.16,0.01,1.97,2.05,12,0.3211,-0.1273,0.0075,5486
01/15/2021,QCOM210115C00067500,22.9,0,22.6,23,0,0.3017,0.8336,0.0087,658,67.500,QCOM210115P00067500,2.68,0.01,2.45,2.54,5,0.3181,-0.1527,0.0086,1588
01/15/2021,QCOM210115C00070000,20.7,0.45,20.55,21.25,42,0.2969,0.8063,0.0099,2441,70.000,QCOM210115P00070000,3.3,0.025,3,3.15,2,0.3156,-0.1809,0.0097,2621
01/15/2021,QCOM210115C00072500,18.05,-0.375,18.8,19.25,5,0.2998,0.7723,0.011,1081,72.500,QCOM210115P00072500,4,0.05,3.65,3.8,16,0.3133,-0.2114,0.0107,2541
01/15/2021,QCOM210115C00075000,16.15,-0.625,17.1,17.5,2,0.2989,0.7381,0.012,1208,75.000,QCOM210115P00075000,4.7,0,4.4,4.6,0,0.3113,-0.2443,0.0117,5706
01/15/2021,QCOM210115C00077500,15.1,-0.025,15.3,15.8,4,0.2978,0.7022,0.013,717,77.500,QCOM210115P00077500,5.1,0,5.3,5.45,0,0.3087,-0.2786,0.0126,5557
01/15/2021,QCOM210115C00080000,13.3,-0.35,13.9,14.4,7,0.2965,0.665,0.0138,3647,80.000,QCOM210115P00080000,6.9,0.225,6.25,6.45,5,0.308,-0.3148,0.0133,3453
01/15/2021,QCOM210115C00082500,11.82,-0.43,12.5,12.85,3,0.2967,0.6265,0.0144,1605,82.500,QCOM210115P00082500,7.81,0.035,7.3,7.75,20,0.3065,-0.3518,0.014,2204
01/15/2021,QCOM210115C00085000,11.26,0.31,11.15,11.45,17,0.295,0.5877,0.015,1324,85.000,QCOM210115P00085000,9.05,0.075,8.5,8.7,3,0.3051,-0.3894,0.0145,3748
01/15/2021,QCOM210115C00087500,9.92,0.12,10,10.35,6,0.2949,0.5488,0.0153,1846,87.500,QCOM210115P00087500,10,-0.275,9.75,10,5,0.3038,-0.4272,0.0148,636
01/15/2021,QCOM210115C00090000,8.66,-0.065,8.85,9.25,64,0.2932,0.5099,0.0155,4110,90.000,QCOM210115P00090000,11.6,0,11.1,11.35,0,0.3034,-0.4645,0.015,2295
01/15/2021,QCOM210115C00092500,7.88,0.18,7.95,8.2,42,0.2924,0.4718,0.0156,2165,92.500,QCOM210115P00092500,13.51,0.36,12.55,12.8,2,0.3026,-0.5013,0.0151,731
01/15/2021,QCOM210115C00095000,7,0.175,7,7.25,49,0.2904,0.434,0.0155,1717,95.000,QCOM210115P00095000,14.7,-0.05,14.1,14.4,21,0.3022,-0.537,0.015,555
01/15/2021,QCOM210115C00097500,5.9,-0.1,6.2,6.4,811,0.2903,0.3985,0.0153,1505,97.500,QCOM210115P00097500,18.22,0,15.75,16.05,0,0.3016,-0.5716,0.0148,611
01/15/2021,QCOM210115C00100000,5.43,0.155,5.45,5.65,550,0.2892,0.3637,0.015,6339,100.000,QCOM210115P00100000,18.35,0.175,17.5,17.75,100,0.3048,-0.6021,0.0143,459
01/15/2021,QCOM210115C00105000,4.24,0.19,4.2,4.35,25,0.2879,0.3001,0.0139,939,105.000,QCOM210115P00105000,21.4,-0.45,21.1,21.55,10,0.3017,-0.665,0.0135,1380
01/15/2021,QCOM210115C00110000,3.3,0.2,3.2,3.35,39,0.2873,0.2445,0.0126,3301,110.000,QCOM210115P00110000,20.2,0,25.05,25.55,0,0.3055,-0.7148,0.0123,166
01/15/2021,QCOM210115C00115000,2.45,0.125,2.35,2.58,90,0.2856,0.1957,0.0112,2444,115.000,QCOM210115P00115000,24.59,0,29.2,29.6,0,0.3033,-0.7634,0.0111,372
01/15/2021,QCOM210115C00120000,1.74,-0.02,1.85,1.95,27,0.2839,0.1544,0.0097,1539,120.000,QCOM210115P00120000,37.8,0,33.4,34,0,0.3063,-0.7998,0.0099,496
01/15/2021,QCOM210115C00125000,1.26,-0.065,1.39,1.53,43,0.2843,0.1223,0.0083,243,125.000,QCOM210115P00125000,41.25,0,37.9,38.45,0,0.3097,-0.8299,0.0086,241
01/15/2021,QCOM210115C00130000,1.08,0.045,1.04,1.14,8,0.2837,0.0953,0.0069,757,130.000,QCOM210115P00130000,43.03,0,42.5,43.3,0,0.319,-0.8492,0.0076,98
01/15/2021,QCOM210115C00135000,0.7,-0.11,0.77,0.91,20,0.2852,0.0753,0.0058,2647,135.000,QCOM210115P00135000,44.6,0,47.2,48,0,0.3204,-0.8718,0.0066,170
01/15/2021,QCOM210115C00140000,0.57,-0.02,0.59,0.72,12,0.2869,0.0596,0.0048,256,140.000,QCOM210115P00140000,0,0,51.95,52.8,0,0.3347,-0.8799,0.006,0
01/21/2022,QCOM220121C00040000,48.55,0,48.55,49.55,0,0.02,1,0.0021,46,40.000,QCOM220121P00040000,0.96,0,0.63,1.41,0,0.3879,-0.0418,0.0018,213
01/21/2022,QCOM220121C00045000,46.9,0,42.75,44.75,0,0.02,1,0.0027,6,45.000,QCOM220121P00045000,1.3,0,0.69,1.98,0,0.3655,-0.0578,0.0025,59
01/21/2022,QCOM220121C00050000,38.8,0.45,37.9,40.1,1,0.02,1,0.0034,193,50.000,QCOM220121P00050000,2.1,-0.025,1.41,2.2,5,0.3534,-0.0811,0.0034,259
01/21/2022,QCOM220121C00055000,36,0,33.35,35.8,0,0.2897,0.8716,0.0043,88,55.000,QCOM220121P00055000,2.8,0,2.46,3.15,0,0.3459,-0.1109,0.0044,253
01/21/2022,QCOM220121C00060000,29.8,-0.1,29.15,31.7,6,0.2956,0.8303,0.0056,87,60.000,QCOM220121P00060000,3.95,-0.075,3.7,4.1,6,0.3378,-0.1454,0.0054,363
01/21/2022,QCOM220121C00065000,29,0,26.2,27.65,0,0.2988,0.7847,0.0068,59,65.000,QCOM220121P00065000,5.61,0.635,4.3,5.5,1,0.327,-0.1835,0.0065,161
01/21/2022,QCOM220121C00067500,24.75,0,24.1,26.3,0,0.2902,0.7642,0.0075,107,67.500,QCOM220121P00067500,5.94,-0.16,5,6.5,3,0.3281,-0.2062,0.0069,224
01/21/2022,QCOM220121C00070000,24,0,22,25.1,0,0.2963,0.7371,0.0079,285,70.000,QCOM220121P00070000,6.9,0,5.8,8,0,0.3291,-0.2293,0.0073,295
01/21/2022,QCOM220121C00072500,22.4,0,20.4,22.7,0,0.294,0.7123,0.0085,167,72.500,QCOM220121P00072500,7.35,0,7.55,8.85,0,0.3274,-0.2524,0.0077,612
01/21/2022,QCOM220121C00075000,20.05,0,19.4,20.95,0,0.2973,0.6855,0.0088,279,75.000,QCOM220121P00075000,8.8,-0.025,8.8,9.3,27,0.3297,-0.2764,0.008,1469
01/21/2022,QCOM220121C00077500,18.27,-0.655,17.45,20.6,7,0.2978,0.6593,0.0092,139,77.500,QCOM220121P00077500,9.36,0,8.65,11.05,0,0.3254,-0.3,0.0084,271
01/21/2022,QCOM220121C00080000,17.3,-0.7,16.9,19.35,38,0.297,0.6329,0.0095,1340,80.000,QCOM220121P00080000,10.77,-0.33,9.75,11.75,1002,0.3174,-0.3244,0.0089,3262
01/21/2022,QCOM220121C00082500,16.3,0,15.55,17.35,0,0.2984,0.6067,0.0098,330,82.500,QCOM220121P00082500,12.51,0.26,12.05,12.85,103,0.3219,-0.3485,0.009,1827
01/21/2022,QCOM220121C00085000,14.9,-0.7,13.85,16.15,5,0.2953,0.58,0.0101,1055,85.000,QCOM220121P00085000,13.25,-0.15,12.45,14.05,2,0.3236,-0.3724,0.0092,2485
01/21/2022,QCOM220121C00087500,13.5,-1.1,13.5,15.85,15,0.2995,0.555,0.0101,143,87.500,QCOM220121P00087500,14.71,0,13.45,16.55,0,0.3211,-0.3968,0.0094,87
01/21/2022,QCOM220121C00090000,12.65,-0.85,12.95,14.2,160,0.3,0.5298,0.0102,725,90.000,QCOM220121P00090000,16.8,0,14.85,17.95,0,0.3212,-0.4204,0.0095,207
01/21/2022,QCOM220121C00092500,12.4,0,12,13.95,0,0.3003,0.5049,0.0103,184,92.500,QCOM220121P00092500,19.5,0,16.4,19.6,0,0.318,-0.4449,0.0097,5
01/21/2022,QCOM220121C00095000,11.05,0,9.8,12.45,0,0.299,0.4801,0.0103,330,95.000,QCOM220121P00095000,21,0,18.4,21.15,0,0.3199,-0.4668,0.0097,160
01/21/2022,QCOM220121C00097500,10.5,0,9.45,11.4,0,0.2992,0.4564,0.0103,60,97.500,QCOM220121P00097500,0,0,19.5,22.85,0,0.3165,-0.491,0.0098,0
01/21/2022,QCOM220121C00100000,9.5,-0.5,9.15,11.5,1062,0.2978,0.4324,0.0103,2004,100.000,QCOM220121P00100000,21.5,0,20.95,24.5,0,0.3216,-0.5097,0.0096,127
01/21/2022,QCOM220121C00105000,8.35,0,8.15,9.95,0,0.2976,0.3881,0.0101,1247,105.000,QCOM220121P00105000,31.89,0,24.25,26.6,0,0.3143,-0.5562,0.0096,7
01/21/2022,QCOM220121C00110000,6.93,0.005,6.05,8.1,20,0.2959,0.3456,0.0098,211,110.000,QCOM220121P00110000,29.83,0.255,27.75,30.2,78,0.3154,-0.5947,0.0093,69
01/21/2022,QCOM220121C00115000,7.58,0,4.5,6.4,0,0.2956,0.3075,0.0094,140,115.000,QCOM220121P00115000,28.4,0,32,34.05,0,0.3123,-0.6337,0.0091,2
01/21/2022,QCOM220121C00120000,4.9,-0.65,4.75,5.55,41,0.2942,0.2715,0.0089,2367,120.000,QCOM220121P00120000,37.59,0.09,35.6,38,20,0.3113,-0.6681,0.0087,51
01/21/2022,QCOM220121C00125000,4.11,-0.265,3.35,4.6,2,0.2927,0.2385,0.0084,424,125.000,QCOM220121P00125000,41.12,-0.255,40.1,42.1,2,0.3111,-0.6989,0.0082,4
01/21/2022,QCOM220121C00130000,3.45,-0.515,2.65,4.5,4,0.2927,0.2104,0.0078,124,130.000,QCOM220121P00130000,46.45,1,44,46.45,166,0.3113,-0.7265,0.0078,114
01/21/2022,QCOM220121C00135000,3.02,-0.52,2.54,4.4,1,0.291,0.1832,0.0073,2045,135.000,QCOM220121P00135000,48.15,0,49.1,51.15,0,0.3165,-0.746,0.0073,2
01/21/2022,QCOM220121C00140000,2.64,0.125,2.14,2.89,6,0.2874,0.1567,0.0067,57,140.000,QCOM220121P00140000,54.01,-0.165,53.35,55.3,2,0.3139,-0.7714,0.0068,23
