"Date" "yyyymmdd" "AAPL" "MSFT" "GOOG" "CSCO" "ORCL" "INTC" "QCOM" "AMGN" "TEVA" "GILD"
2018-01-02 20180102 166.804016 83.256378 1065 36.40987 44.922642 44.369122 60.48315 165.696518 19.110001 69.162361
2018-01-03 20180103 166.774963 83.643845 1082.47998 36.700317 45.963093 42.863327 61.169628 168.823212 19.129999 69.685059
2018-01-04 20180104 167.549622 84.380028 1086.400024 36.804157 46.415886 42.077274 61.253109 168.111786 19.58 68.975693
2018-01-05 20180105 169.457214 85.426178 1102.22998 37.313881 46.695274 42.370857 61.661282 169.113419 19.219999 69.55439
2018-01-08 20180108 168.82782 85.513359 1106.939941 37.700897 47.186596 42.370857 61.475746 169.06665 19.120001 69.442383
2018-01-09 20180109 168.808456 85.455238 1106.26001 37.464912 47.447723 41.310165 60.548084 171.669083 19.370001 72.895836
2018-01-10 20180110 168.769714 85.06778 1102.609985 37.672581 47.196262 40.249477 60.538815 171.182297 20.040001 73.465202
2018-01-11 20180111 169.728378 85.319633 1105.52002 37.851929 47.341335 41.111282 60.696518 170.339783 21.74 73.791855
2018-01-12 20180112 171.481064 86.791992 1122.26001 38.578754 47.882931 40.950287 60.650131 173.223099 22.07 73.754532
2018-01-16 20180116 170.609558 85.581161 1121.76001 38.267265 47.960304 40.855587 63.312504 173.691147 21.41 74.902557
2018-01-17 20180117 173.427399 87.315063 1131.97998 38.890263 48.61795 42.039394 63.099144 176.003403 21.48 76.293282
2018-01-18 20180118 173.582321 87.276321 1129.790039 38.984653 48.579269 42.12463 63.126972 175.610229 20.709999 75.761269
2018-01-19 20180119 172.807663 87.179459 1137.51001 38.975216 48.917767 42.446625 63.11771 177.192307 20.700001 75.583923
2018-01-22 20180122 171.393921 88.739006 1155.810059 39.324471 49.043491 43.327385 63.702114 180.047531 21.02 75.985275
2018-01-23 20180123 171.432632 89.01992 1169.969971 39.739807 49.440018 43.62096 63.395996 179.729233 20.950001 75.555923
2018-01-24 20180124 168.70195 88.942421 1164.23999 39.805882 49.759174 43.100079 63.062038 178.4561 20.57 75.882599
2018-01-25 20180125 165.690445 89.436432 1170.369995 39.551018 49.904243 42.901211 62.542545 177.941238 21.16 75.77993
2018-01-26 20180126 166.077759 91.112213 1175.839966 40.174019 51.016453 47.428093 63.572254 183.492508 21.33 79.765404
2018-01-29 20180129 162.640213 90.976601 1175.579956 40.447762 50.233067 47.333385 62.449783 185.355438 21.610001 82.882851
2018-01-30 20180130 161.68158 89.833588 1163.689941 39.881393 49.285278 46.206394 62.143661 179.055222 20.65 81.473457
2018-01-31 20180131 162.127014 92.032455 1169.939941 39.211201 49.894573 45.590816 63.312504 174.168549 20.41 78.216019
2018-02-01 20180201 162.465912 91.305946 1167.699951 39.362232 49.933262 45.12677 61.967403 173.709869 21.18 77.926666
2018-02-02 20180202 155.416519 88.903671 1111.900024 38.635399 48.482559 43.706196 61.290226 175.067245 20.57 76.283943
2018-02-05 20180205 151.533508 85.242134 1055.800049 36.60593 46.509594 42.162506 57.264191 163.59024 19.74 73.147835
2018-02-06 20180206 157.866333 88.467781 1080.599976 37.918003 47.776543 42.820404 59.741035 165.368866 20.4 75.023903
2018-02-07 20180207 154.486877 86.801689 1048.579956 38.078472 47.263966 43.096912 60.334736 166.13652 20.85 77.245323
2018-02-08 20180208 150.235947 82.345848 1001.52002 36.596489 45.300678 40.76091 57.904274 162.064301 18.639999 73.007843
2018-02-09 20180209 152.073547 85.416489 1037.780029 37.313881 46.161427 41.905071 59.360695 162.382614 18.610001 74.034546
2018-02-12 20180212 158.198883 86.336708 1051.939941 38.323895 46.567623 42.744125 60.909882 163.702545 19.27 74.799889
2018-02-13 20180213 159.783676 87.014778 1052.099976 38.918579 46.89645 42.391342 60.946976 164.704224 18.52 75.406593
2018-02-14 20180214 162.729675 88.377274 1069.699951 39.730366 47.824898 43.268536 61.772598 169.325958 19.33 76.367958
2018-02-15 20180215 168.193878 90.177727 1089.52002 41.608803 48.975792 43.783409 60.557369 173.174301 20.809999 76.115944
2018-02-16 20180216 167.649399 89.535393 1094.800049 41.844791 49.043491 43.440163 60.158478 173.127136 20.9 75.322578
2018-02-20 20180220 167.08548 90.236115 1102.459961 41.589924 48.250443 44.164799 59.360695 172.589493 19.98 75.546593
2018-02-21 20180221 166.327103 89.039063 1111.339966 40.881969 47.805557 43.802486 58.813381 172.070724 20.09 75.313248
2018-02-22 20180222 167.717453 89.272644 1106.630005 40.532711 47.960304 43.668995 57.681633 172.089584 19.799999 74.1092
2018-02-23 20180223 170.634277 91.540215 1126.790039 41.533287 48.840397 45.509193 58.739162 176.069962 20.040001 75.5186
2018-02-26 20180226 174.008057 92.863777 1143.75 42.817043 49.488377 46.824986 62.134388 177.796021 20 76.339951
2018-02-27 20180227 173.444168 91.676453 1118.290039 42.514988 49.062832 47.587765 62.068886 175.239914 19.379999 75.005241
2018-02-28 20180228 173.181656 91.257973 1104.72998 42.269558 49.004803 46.996613 60.815155 173.334625 18.719999 73.483856
2018-03-01 20180301 170.148117 90.362617 1069.52002 41.344498 48.076355 45.614082 60.77774 172.881866 18.870001 72.363808
2018-03-02 20180302 171.3246 90.557266 1078.920044 41.589924 48.666309 46.701035 60.571903 174.570236 19.16 73.446518
2018-03-05 20180305 171.917709 91.131462 1090.930054 42.024136 49.604431 47.435207 59.888905 179.333496 19.33 72.727821
2018-03-06 20180306 171.771851 90.820038 1095.060059 41.80703 49.807529 48.35054 58.139297 179.540985 19.18 74.034546
2018-03-07 20180307 170.177322 91.345573 1109.640015 41.722076 50.020302 48.932156 58.466763 176.881119 19.07 74.659904
2018-03-08 20180308 172.034363 91.900299 1126 41.854225 50.416836 48.379143 57.839897 176.532135 19.120001 74.734558
2018-03-09 20180309 174.990051 93.953796 1160.040039 42.826485 51.229225 49.761673 58.971989 180.248413 19.18 75.341248
2018-03-12 20180312 176.681824 94.177605 1164.5 42.996395 51.161526 49.122852 58.766159 178.550613 19.5 75.658592
2018-03-13 20180313 174.980347 91.880836 1138.170044 42.628254 50.852039 49.37075 55.856388 178.975052 19.32 76.274612
2018-03-14 20180314 173.492752 91.335838 1149.48999 42.741531 50.600586 49.447033 56.249348 179.748505 18.57 75.695923
2018-03-15 20180315 173.69693 91.656998 1149.579956 42.788731 50.648941 48.512634 56.034153 178.975052 18.049999 74.737152
2018-03-16 20180316 173.084427 92.06575 1135.72998 42.486668 50.552231 48.789135 56.717155 177.550812 18.370001 74.953346
2018-03-19 20180319 170.439835 90.401558 1099.819946 41.788151 50.242744 48.464962 54.612015 172.183929 17.91 72.547028
2018-03-20 20180320 170.3815 90.635124 1097.709961 41.882545 45.503777 49.151455 54.509098 171.693451 17.68 72.302628
2018-03-21 20180321 166.521561 90.002548 1090.880005 41.825905 45.474766 49.160992 53.152451 171.278427 17.6 71.898453
2018-03-22 20180322 164.168655 87.384605 1049.079956 40.655426 44.381893 48.464962 52.00164 166.081299 17.309999 71.033669
2018-03-23 20180323 160.367035 84.844528 1021.570007 40.041866 43.318043 47.063354 50.205261 159.808929 16.91 68.467545
2018-03-26 20180326 167.979996 91.267723 1053.209961 41.589924 44.952507 50.038185 52.516235 165.241837 16.870001 71.005463
2018-03-27 20180327 163.672775 87.073189 1005.099976 40.287281 43.888657 48.808201 51.309288 161.431259 16.68 69.661316
2018-03-28 20180328 161.864365 86.995323 1004.559998 39.324471 43.501801 47.292183 51.178299 160.780457 17.040001 70.291084
2018-03-29 20180329 163.128311 88.824951 1031.790039 40.485512 44.246502 49.656803 51.84259 160.799286 17.09 70.864471
2018-04-02 20180402 162.058807 86.148628 1006.469971 38.710911 43.530819 46.643822 50.3456 156.620865 16.77 68.749535
2018-04-03 20180403 163.72142 87.306747 1013.409973 39.060173 43.414761 47.435207 51.253147 158.667648 16.950001 69.322914
2018-04-04 20180404 166.852142 89.85656 1025.140015 39.202896 44.014381 47.664043 51.449631 163.666687 17.24 70.873878
2018-04-05 20180405 168.009125 89.905212 1027.810059 39.792843 44.4496 48.0359 51.496407 162.232971 17.219999 70.32869
2018-04-06 20180406 163.7117 87.812813 1007.039978 38.75568 43.356735 46.519871 49.70002 158.592163 16.879999 69.003334
2018-04-09 20180409 165.335388 88.338348 1015.450012 39.174351 43.424431 47.244511 49.990063 159.988159 17.129999 69.369926
2018-04-10 20180410 168.446671 90.39183 1031.640015 40.449398 44.314198 48.884487 51.243793 163.298828 17.879999 70.516678
2018-04-11 20180411 167.659119 89.399147 1019.969971 40.373276 44.111095 48.722393 51.468334 162.619736 17.99 69.868111
2018-04-12 20180412 169.311996 91.073074 1032.51001 41.239162 44.372231 50.267017 51.646114 161.30864 18.18 70.770477
2018-04-13 20180413 169.885605 90.586479 1029.27002 40.915646 44.565647 49.447033 52.141983 161.742523 18.049999 70.704674
2018-04-16 20180416 170.945419 91.64727 1037.97998 41.201103 44.721031 49.961906 51.243793 161.648224 18.059999 70.20649
2018-04-17 20180417 173.298309 93.496376 1074.160034 42.428574 45.313435 51.048859 51.786446 164.949432 17.84 70.939674
2018-04-18 20180418 172.909393 93.856453 1072.079956 42.466633 45.721313 51.115604 51.674175 165.166382 17.92 71.13707
2018-04-19 20180419 168.009125 93.535294 1087.699951 42.400036 45.468811 49.790283 49.185429 163.110168 17.709999 69.971504
2018-04-20 20180420 161.125412 92.455032 1072.959961 41.952812 44.895836 49.132385 48.128185 161.817978 17.82 69.275925
2018-04-23 20180423 160.658752 92.795654 1067.449951 42.105053 44.478249 48.722393 47.276768 164.741943 17.85 69.567314
2018-04-24 20180424 158.422516 90.625397 1019.97998 41.619778 44.216038 49.056107 46.724758 162.176407 17.559999 68.354744
2018-04-25 20180425 159.112808 89.837105 1021.179993 41.591228 44.429695 48.989365 46.546986 164.902298 17.27 68.852928
2018-04-26 20180426 159.667007 91.734856 1040.040039 42.066994 44.633633 50.581661 47.220634 165.411621 17.67 69.463913
2018-04-27 20180427 157.819687 93.253059 1030.050049 42.542755 44.216038 50.27655 47.819424 167.38295 17.83 69.426315
2018-04-30 20180430 160.678177 91.014671 1017.330017 42.143116 44.351997 49.218201 47.725868 164.572174 17.98 67.894157
2018-05-01 20180501 164.411697 92.455032 1037.310059 42.65694 44.623924 50.84864 47.5481 159.667435 18.709999 68.204346
2018-05-02 20180502 171.674622 91.004951 1024.380005 41.733959 44.196613 49.876095 47.024151 159.808929 18.6 62.865311
2018-05-03 20180503 171.985733 91.54995 1023.719971 42.285843 43.759605 49.847492 47.070934 156.941559 17.780001 61.276764
2018-05-04 20180504 178.733322 92.610741 1048.209961 43.104156 44.39085 50.614674 49.11058 158.441284 17.83 61.492954
2018-05-07 20180507 180.026459 93.642357 1054.790039 43.513309 44.740459 51.142113 49.597103 158.516739 18.620001 60.985367
2018-05-08 20180508 180.891769 93.243332 1053.910034 43.494282 44.614208 51.429798 49.45676 158.922318 18.9 61.304955
2018-05-09 20180509 182.165451 94.343063 1082.76001 43.808289 45.235737 52.110668 49.746803 160.007019 19.33 61.746746
2018-05-10 20180510 184.771149 95.287094 1097.569946 44.055687 45.575642 52.724407 51.430916 161.072861 19.24 61.445957
2018-05-11 20180511 184.06842 95.082695 1098.26001 43.703625 45.468811 52.427128 51.674175 164.015671 19.309999 62.188534
2018-05-14 20180514 183.638962 95.403854 1100.199951 43.484764 45.468811 52.64769 53.086964 165.968124 20.379999 63.025112
2018-05-15 20180515 181.969971 94.712875 1079.22998 43.275433 45.459103 51.707901 52.057781 162.553665 20.299999 62.968712
2018-05-16 20180516 183.668228 94.957253 1081.77002 42.97094 45.381409 52.398361 53.049534 165.196075 20.879999 63.495098
2018-05-17 20180517 182.50679 94.00914 1078.589966 41.353348 45.196899 52.561386 53.28344 166.003967 21.120001 63.542088
2018-05-18 20180518 181.843079 94.185074 1066.359985 41.115467 44.983242 51.30513 53.807388 167.572296 21.23 63.936874
2018-05-21 20180521 183.131439 95.397087 1079.579956 41.629288 45.847557 52.091484 53.994503 167.733887 21.09 63.57029
2018-05-22 20180522 182.672684 95.299347 1069.72998 41.534142 45.031799 52.216152 53.695114 169.530304 21 63.758297
2018-05-23 20180523 183.843964 96.433167 1079.689941 41.562683 45.546509 52.944977 55.033047 171.03212 21.15 64.077873
2018-05-24 20180524 183.638962 96.091064 1079.23999 41.458015 45.119202 52.503849 55.276302 169.150131 21.629999 63.476295
2018-05-25 20180525 184.058655 96.139931 1075.660034 41.16304 45.64362 53.165539 56.099648 169.41626 22.18 63.335297
2018-05-29 20180529 183.394974 95.797836 1060.319946 40.887096 44.924973 53.050461 55.050259 168.655838 21.540001 63.288303
2018-05-30 20180530 183.004562 96.716606 1067.800049 40.772919 45.692177 53.395699 55.201519 171.317245 21.65 63.626694
2018-05-31 20180531 182.389633 96.609093 1084.98999 40.639698 45.3717 52.935387 54.946266 170.727921 21.5 63.354095
2018-06-01 20180601 185.678833 98.515076 1119.5 41.543652 45.983517 54.738262 55.409512 174.482391 21.889999 64.200073
2018-06-04 20180604 187.230743 99.375214 1139.290039 41.467533 45.954388 54.498516 55.504051 176.259827 21.68 65.995415
2018-06-05 20180605 188.675247 99.883492 1139.660034 41.553165 45.769867 54.210819 55.759304 172.733475 21.52 65.854416
2018-06-06 20180606 189.329178 100.176704 1136.880005 42.114567 46.371971 54.690311 56.572346 174.463394 21.799999 67.649773
2018-06-07 20180607 188.821671 98.603058 1123.859985 41.534142 46.303993 53.58749 57.328659 174.225754 21.889999 67.583969
2018-06-08 20180608 187.103851 99.336121 1120.869995 41.372375 46.789566 52.791542 56.96941 175.17627 23.110001 67.593376
2018-06-11 20180611 186.645111 98.769218 1129.98999 41.572197 46.799271 52.283279 56.657433 175.470932 23.190001 67.518173
2018-06-12 20180612 187.669937 99.023338 1139.319946 41.810081 47.051773 52.570976 56.52507 175.908142 24.02 67.377167
2018-06-13 20180613 186.127823 98.573723 1134.790039 41.876686 46.876968 52.772362 55.986206 174.586929 24.33 67.01059
2018-06-14 20180614 186.225433 99.130867 1152.119995 42.523724 44.575359 53.26144 56.213093 176.592499 23.780001 67.418037
2018-06-15 20180615 184.312439 97.869972 1152.26001 42.105053 44.944401 52.849079 56.591255 175.851105 23.76 66.546288
2018-06-18 20180618 184.214798 98.583504 1173.459961 42.066994 45.177475 51.036617 55.967289 174.843582 24.219999 65.437653
2018-06-19 20180619 181.237946 98.583504 1168.060059 41.695896 44.934685 50.758514 55.494595 176.972702 24.049999 67.219048
2018-06-20 20180620 182.028534 99.570709 1169.839966 41.619778 41.584248 51.266769 55.579681 177.276855 24.280001 67.711769
2018-06-21 20180621 181.013458 98.857185 1157.660034 41.06789 41.856167 50.04887 55.541866 176.782608 24.01 67.768616
2018-06-22 20180622 180.486389 98.143669 1155.47998 41.105953 42.827309 50.346157 55.305515 175.984192 23.99 67.342232
2018-06-25 20180625 177.802338 96.16925 1124.810059 40.240063 43.002113 48.629589 53.9347 176.183777 23.57 67.408554
2018-06-26 20180626 180.008163 96.843681 1118.459961 40.487457 43.128365 47.632256 53.367458 175.451904 23.620001 66.565239
2018-06-27 20180627 179.744629 95.33844 1103.97998 40.27813 42.196068 46.759586 52.157352 174.444382 23.639999 65.03968
2018-06-28 20180628 181.052505 96.403831 1114.219971 40.858547 42.574814 47.229485 52.847492 174.263779 24.709999 66.641052
2018-06-29 20180629 180.671844 96.384285 1115.650024 40.944187 42.788464 47.670624 53.055481 175.451904 24.32 67.12429
2018-07-02 20180702 182.692215 97.752686 1127.459961 40.734859 43.65279 48.140518 53.112206 176.117233 24.469999 67.541214
2018-07-03 20180703 179.510391 96.814369 1102.890015 40.601643 43.429417 47.440468 52.308617 176.516449 24.700001 67.588593
2018-07-05 20180705 180.954895 97.508339 1124.27002 40.812611 44.099499 48.667946 54.246674 178.084763 23.92 68.990959
2018-07-06 20180706 183.463272 98.87674 1140.170044 40.956444 44.672482 49.262516 54.681557 181.554077 24.129999 71.265068
2018-07-09 20180709 186.010712 99.551155 1154.050049 40.918091 45.381409 49.732418 54.87064 184.557648 24.25 72.620064
2018-07-10 20180710 185.786255 99.815071 1152.839966 41.100292 45.633907 50.0201 55.18261 186.002396 24.139999 72.724297
2018-07-11 20180711 183.375427 99.678223 1153.900024 40.822205 46.265152 49.099487 54.171043 183.58812 23.75 72.032593
2018-07-12 20180712 186.449905 101.838333 1183.47998 41.790733 46.760429 50.202309 55.135349 184.472107 23.73 73.529709
2018-07-13 20180713 186.742706 103.050362 1188.819946 40.064632 47.226578 50.077644 55.201519 186.211502 23.290001 73.321259
2018-07-16 20180716 186.332794 102.542091 1183.859985 40.755077 47.246075 49.876259 55.163708 185.232513 23.299999 73.20755
2018-07-17 20180717 186.859833 103.558609 1198.800049 40.601643 47.675056 49.626926 55.69313 184.320007 23.129999 73.150696
2018-07-18 20180718 185.835007 102.747353 1195.880005 40.476978 47.421566 49.598152 55.551319 183.255493 23.530001 73.074905
2018-07-19 20180719 187.279556 102.043602 1186.959961 40.65918 47.226578 49.847492 56.071285 182.266937 23.059999 73.008568
2018-07-20 20180720 186.850113 103.871399 1184.910034 40.285191 47.304573 49.780365 55.409512 181.059845 22.93 73.311783
2018-07-23 20180723 187.015991 105.533028 1205.5 40.333134 47.450813 50.163948 55.853848 180.565567 23.18 73.321259
2018-07-24 20180724 188.372696 105.230026 1248.079956 40.64959 47.450813 50.039284 55.636402 181.924759 23.18 73.577095
2018-07-25 20180725 190.149063 108.328468 1263.699951 41.387974 47.723801 50.279026 56.175274 183.483582 23.700001 74.780472
2018-07-26 20180726 189.55368 107.145782 1268.329956 41.742783 47.645805 50.0201 60.108116 184.443588 23.700001 74.060349
2018-07-27 20180727 186.401138 105.249565 1238.5 40.822205 47.411816 45.7239 59.266716 182.913284 23.139999 72.781151
2018-07-30 20180730 185.356781 102.991714 1219.73999 40.438618 46.534367 45.73349 58.65221 181.192886 23.73 72.316856
2018-07-31 20180731 185.727646 103.685684 1217.26001 40.553699 46.485611 46.126663 60.590263 186.819809 23.940001 73.747665
2018-08-01 20180801 196.6689 103.881157 1220.01001 40.141354 46.163883 46.807541 60.836067 186.144958 23.870001 73.81398
2018-08-02 20180802 202.417679 105.142059 1226.150024 40.78384 46.700108 47.450054 61.233128 186.658234 21.610001 73.558144
2018-08-03 20180803 203.003281 105.601448 1223.709961 41.071526 47.255825 47.593899 61.828732 188.188538 22.17 73.842407
2018-08-06 20180806 204.057388 105.689407 1224.77002 41.522228 47.450813 47.564957 62.140709 187.827347 22.110001 73.785545
2018-08-07 20180807 202.144379 106.422485 1242.219971 41.790733 47.265575 47.950878 61.86655 190.479233 23.27 74.268806
2018-08-08 20180808 202.281052 107.018723 1245.609985 42.040062 47.17783 48.201725 61.601845 186.487137 22.57 72.875908
2018-08-09 20180809 203.871964 107.194649 1249.099976 41.982521 47.32407 48.375393 61.526207 184.367538 22.33 73.94664
2018-08-10 20180810 203.264679 106.539772 1237.609985 41.982521 47.109585 47.130787 61.280399 184.795273 22.48 72.705353
2018-08-13 20180813 204.577133 105.767616 1235.01001 41.953754 46.807346 46.744865 61.299309 185.926361 21.950001 73.122269
2018-08-14 20180814 205.439102 107.087128 1242.099976 42.193485 47.021835 46.426479 61.857098 186.068924 22.120001 73.254929
2018-08-15 20180815 205.919006 105.634979 1214.380005 42.059238 46.641605 45.789715 62.093441 185.593704 22.469999 70.914482
2018-08-16 20180816 208.935715 105.615364 1206.48999 43.305862 46.895092 45.509918 62.169067 187.986099 24.110001 71.625145
2018-08-17 20180817 213.108124 105.556488 1200.959961 43.98671 47.148579 45.442383 62.452694 188.92392 24.219999 69.095184
2018-08-20 20180820 211.031723 104.85984 1207.77002 44.322342 47.207069 44.863495 62.54723 189.057907 25.65 68.564568
2018-08-21 20180821 210.620346 103.98658 1201.619995 43.900402 47.19733 45.944077 62.915932 188.818665 25.17 69.474213
2018-08-22 20180822 210.630157 105.046257 1207.329956 44.10178 47.577553 45.394142 63.190102 189.325836 24.51 69.947983
2018-08-23 20180823 211.061111 105.53685 1205.380005 44.130558 47.733551 45.326603 63.209007 188.139221 23.799999 69.493156
2018-08-24 20180824 211.717331 106.361061 1220.650024 44.418236 48.026031 45.98267 63.483166 188.17749 23.02 69.730042
2018-08-27 20180827 213.460739 107.538483 1241.819946 44.677151 48.094284 46.648384 63.662792 190.053162 23.08 70.895538
2018-08-28 20180828 215.18457 108.186066 1231.150024 45.022369 47.421566 46.860649 65.969559 190.072281 23.48 70.999763
2018-08-29 20180829 218.397171 109.912964 1249.300049 45.530609 47.665302 47.034313 65.421219 191.153656 23.290001 71.65358
2018-08-30 20180830 220.405014 109.844284 1239.119995 45.214161 47.168083 46.542263 64.419113 191.727844 23.129999 72.288429
2018-08-31 20180831 222.951584 110.217133 1218.189941 45.808704 47.363071 46.725574 64.957977 191.211075 22.91 71.757797
2018-09-04 20180904 223.666595 109.608795 1197 45.77034 47.363071 46.27211 66.761055 188.263626 22.700001 70.393333
2018-09-05 20180905 222.20723 106.449364 1186.47998 45.329231 46.836601 46.040562 67.629189 189.2397 22.639999 70.620743
2018-09-06 20180906 218.514709 106.694664 1171.439941 45.338814 46.514862 45.596752 67.123573 187.708572 21.75 69.057289
2018-09-07 20180907 216.751694 106.174637 1164.829956 45.118263 46.612362 44.815254 67.142654 187.852112 21.5 68.431915
2018-09-10 20180910 213.842728 107.322617 1164.640015 45.137447 47.636055 44.670532 68.993408 193.785309 21.059999 68.706703
2018-09-11 20180911 219.249298 109.147644 1177.359985 45.099083 47.69455 43.348751 69.174667 190.885696 21.879999 68.441383
2018-09-12 20180912 216.526428 109.608795 1162.819946 44.964832 48.104034 43.348751 68.449631 190.914413 22.200001 70.090118
2018-09-13 20180913 221.756668 110.786232 1175.329956 45.300468 47.733551 43.966225 71.178078 194.196793 22.209999 70.777649
2018-09-14 20180914 219.239487 111.237587 1172.530029 45.453896 48.016281 43.937286 71.635994 191.947937 22.85 70.071007
2018-09-17 20180917 213.401993 110.030708 1156.050049 45.1758 47.948036 43.821507 69.871094 192.16803 23.43 69.498077
2018-09-18 20180918 213.754593 111.080582 1161.219971 45.511433 47.8018 44.47757 71.283005 193.632187 24.459999 70.347939
2018-09-19 20180919 213.881897 109.598991 1171.089966 45.338814 48.191772 44.525814 70.653366 194.4552 24.639999 70.548462
2018-09-20 20180920 215.507813 111.433823 1186.869995 45.77034 49.166725 45.538864 71.168526 196.273438 24.83 71.455627
2018-09-21 20180921 213.186508 112.110832 1166.089966 46.566269 49.819942 45.017868 70.309929 196.273438 24.360001 72.104965
2018-09-24 20180924 216.252182 112.513123 1173.369995 46.451191 49.95644 45.259071 70.195457 198.292618 23.860001 72.210014
2018-09-25 20180925 217.623398 112.297264 1184.650024 46.479961 50.424412 44.294266 69.394089 197.57486 23.27 71.608421
2018-09-26 20180926 215.889771 111.836105 1180.48999 46.422428 50.336666 44.091656 68.459167 197.928955 21.959999 72.238655
2018-09-27 20180927 220.32666 112.258026 1194.640015 46.345711 50.395168 44.26532 68.411469 199.900314 21.24 73.126724
2018-09-28 20180928 221.100433 112.218773 1193.469971 46.652576 50.268421 45.625694 68.716751 198.369156 21.540001 73.72831
2018-10-01 20181001 222.589203 113.435432 1195.310059 46.863537 50.502407 44.815254 69.260529 198.005524 21.459999 74.444489
2018-10-02 20181002 224.567673 112.9841 1200.109985 46.997787 48.971737 46.407185 69.976028 198.732819 21.809999 75.122467
2018-10-03 20181003 227.300339 113.003723 1202.949951 47.122456 48.503757 47.043957 69.298683 197.995926 21.610001 75.437599
2018-10-04 20181004 223.304199 110.668488 1168.189941 46.707321 48.230778 46.436131 69.050644 194.713577 21.84 73.107613
2018-10-05 20181005 219.680222 110.020897 1157.349976 46.465965 48.113777 45.37484 67.934471 195.239899 21.5 72.802048
2018-10-08 20181008 219.170944 108.764969 1148.969971 45.877052 48.123535 45.37484 67.667343 196.723206 21.370001 72.954834
2018-10-09 20181009 222.20723 110.148453 1138.819946 45.848091 47.645805 44.911736 66.904144 197.134689 21.23 73.088516
2018-10-10 20181010 211.913208 104.163193 1081.219971 44.052395 46.212627 43.223324 63.660549 192.54126 21.08 71.407875
2018-10-11 20181011 210.04248 103.917892 1079.319946 42.594604 45.608162 42.673386 61.332783 185.507553 20.450001 69.230705
2018-10-12 20181012 217.545044 107.509056 1110.079956 44.129635 46.193127 43.30051 61.332783 188.895218 21.379999 70.271553
2018-10-15 20181015 212.892654 105.576111 1092.25 43.125587 46.124611 42.962826 61.218288 187.172684 21.74 69.498077
2018-10-16 20181016 217.584213 108.912148 1121.280029 44.235832 47.211159 44.323204 63.078598 193.632187 22.26 72.868889
2018-10-17 20181017 216.643967 108.627602 1115.689941 44.351681 46.84898 44.274971 63.059513 194.043701 21.190001 72.210014
2018-10-18 20181018 211.5802 106.459183 1087.969971 43.888271 46.379112 43.387344 62.153221 193.995819 21.27 70.825386
2018-10-19 20181019 214.802567 106.616165 1096.459961 43.77243 46.584679 42.451477 62.353558 193.115433 21.43 69.965973
2018-10-22 20181022 216.115036 107.567917 1101.160034 44.177902 46.927288 43.425934 63.078598 189.498093 21.23 69.077904
2018-10-23 20181023 218.152298 106.066696 1103.689941 43.849659 46.976234 42.93388 63.32663 189.13446 21.24 68.438133
2018-10-24 20181024 210.669327 100.395424 1050.709961 42.546333 45.772209 40.927086 59.739594 179.794479 19.809999 64.943169
2018-10-25 20181025 215.282516 106.262939 1095.569946 43.897934 46.946865 42.750576 60.292915 180.00502 20.299999 65.525658
2018-10-26 20181026 211.854462 104.948143 1071.469971 42.720112 46.320385 44.082005 59.60603 177.976242 19.700001 66.595161
2018-10-29 20181029 207.877899 101.896637 1020.080017 42.324291 46.026726 43.802216 59.310287 180.091141 19.58 67.70285
2018-10-30 20181030 208.916122 101.7789 1036.209961 43.038708 47.543976 46.079151 60.273834 180.942825 19.76 68.791435
2018-10-31 20181031 214.361847 104.800964 1076.77002 44.168251 47.808273 45.230122 59.997173 184.493164 19.98 65.105507
2018-11-01 20181101 217.652786 103.927696 1070 44.071709 47.563557 46.522964 60.779449 184.598434 23 67.139458
2018-11-02 20181102 203.215714 104.163193 1057.790039 43.907585 47.798485 45.45203 60.416935 179.009766 22.59 66.308685
2018-11-05 20181105 197.446762 105.487793 1040.089966 44.544769 47.98447 46.281765 60.550495 181.746689 22.85 66.442383
2018-11-06 20181106 199.581985 105.693848 1055.810059 44.892323 48.20961 45.873993 60.70314 182.54097 23.09 67.17765
2018-11-07 20181107 205.634949 109.854095 1093.390015 46.243919 49.198273 47.301186 60.302452 189.115326 23.73 69.211609
2018-11-08 20181108 204.91748 109.648048 1082.400024 46.765247 49.364685 47.563316 55.379803 187.584183 23.84 68.638657
2018-11-09 20181109 200.966339 107.509056 1066.150024 45.481232 49.540882 46.70895 54.110989 184.847275 23.450001 67.970222
2018-11-12 20181112 190.84285 104.85984 1038.630005 44.042744 48.180252 45.29147 51.983559 183.316116 23.690001 67.31134
2018-11-13 20181113 188.936081 104.928528 1036.050049 43.560032 48.464123 46.009914 51.668739 183.306549 23.530001 67.721954
2018-11-14 20181114 183.599152 103.440529 1043.660034 42.797348 47.808273 45.718651 51.458858 182.16777 22.67 67.368637
2018-11-15 20181115 188.130142 105.716866 1064.709961 45.152988 49.560459 46.70895 52.842163 185.453781 22.620001 66.633354
2018-11-16 20181116 190.213806 106.712151 1061.48999 44.747505 50.089054 47.407982 53.30962 187.120895 22.25 66.079506
2018-11-19 20181119 182.675247 103.095619 1020 44.168251 48.503273 46.60215 52.374699 187.824356 22 64.943169
2018-11-20 20181120 173.947418 100.228027 1025.76001 42.951813 47.309048 46.009914 52.39378 189.298737 21.77 64.52301
2018-11-21 20181121 173.750839 101.60762 1037.609985 43.337986 47.592922 45.660397 52.72768 185.762177 22.040001 63.730438
2018-11-23 20181123 169.337769 101.568207 1023.880005 43.000084 47.671234 45.184669 52.708603 185.569443 21.940001 63.5872
2018-11-26 20181126 171.627838 104.918671 1048.619995 43.994476 47.240524 46.068172 53.166519 187.236542 21.860001 63.921432
2018-11-27 20181127 171.254364 105.578896 1044.410034 44.525455 46.437851 46.670113 53.013878 189.934769 21.799999 64.398872
2018-11-28 20181128 177.839554 109.500916 1086.22998 45.655006 47.172001 47.437103 54.044205 194.097702 21.84 66.069954
2018-11-29 20181129 176.473358 108.584465 1088.300049 45.703278 46.888134 46.31089 55.437046 195.013153 21.9 66.547417
2018-11-30 20181130 175.519989 109.274261 1094.430054 46.214951 47.729965 47.874004 55.580147 200.679413 21.540001 68.695961
2018-12-03 20181203 181.653076 110.456779 1106.430054 47.054874 48.777367 48.670128 56.41967 195.552811 21.59 67.66465
2018-12-04 20181204 173.662369 106.938789 1050.819946 45.712929 47.720177 46.359432 55.074524 190.570755 20.549999 66.413727
2018-12-06 20181206 171.726135 107.599037 1068.72998 46.71698 45.693905 46.961376 55.074524 191.775299 20.26 67.024872
2018-12-07 20181207 165.602905 103.292702 1036.579956 44.834389 45.028271 44.893406 53.994438 184.480515 19.41 65.076851
2018-12-10 20181210 166.693863 106.022339 1039.550049 45.239876 45.684109 45.835155 55.19989 187.034164 18.440001 64.446617
2018-12-11 20181211 165.740494 107.007774 1051.75 45.461922 45.47855 46.00021 55.305965 189.048187 18.51 64.666245
2018-12-12 20181212 166.202438 107.490639 1063.680054 45.78051 46.320385 46.437111 55.662785 189.269821 18.99 65.067307
2018-12-13 20181213 168.020721 107.85524 1061.900024 45.828785 46.232288 46.883713 56.019592 190.349121 19.02 64.855461
2018-12-14 20181214 162.64444 104.485077 1042.099976 44.235832 45.615593 46.466232 55.566345 185.087601 18.459999 63.141392
2018-12-17 20181217 161.130859 101.390823 1016.530029 42.671841 44.763973 45.70895 54.968445 183.169937 17.65 62.708057
2018-12-18 20181218 163.224365 102.455093 1028.709961 42.536686 44.881435 46.349724 55.720646 180.298279 17.01 62.438419
2018-12-19 20181219 158.133102 102.179176 1023.01001 41.648491 45.468765 44.242916 54.669487 178.746811 16.290001 61.822124
2018-12-20 20181220 154.14267 100.030937 1009.409973 41.020962 45.263199 44.213791 54.360897 178.236084 15.89 61.91843
2018-12-21 20181221 148.147202 96.798729 979.539978 40.40308 43.070522 43.534176 52.895069 173.658768 15.1 60.300652
2018-12-24 20181224 144.314041 92.758461 976.219971 38.887367 41.788193 42.320576 51.737843 171.914551 14.59 58.297691
2018-12-26 20181226 154.476852 99.094772 1039.459961 41.001652 43.648056 44.84486 53.965515 181.030655 15.82 60.878429
2018-12-27 20181227 153.474335 99.705742 1043.880005 41.426445 44.020027 45.009914 54.090881 183.410858 15.64 60.608799
2018-12-28 20181228 153.552979 98.927246 1037.079956 41.291286 43.873192 45.388554 54.785217 183.796326 15.69 59.588062
2018-12-31 20181231 155.037109 100.090057 1035.609985 41.831917 44.196228 45.563309 54.881653 187.593109 15.42 60.233246
2019-01-02 20190102 155.214005 99.646614 1045.849976 41.465057 44.264744 45.70895 55.354191 184.923767 15.85 61.090279
2019-01-03 20190103 139.75354 95.98082 1016.059998 39.957062 43.834042 43.194374 53.714775 182.10994 16.49 62.833237
2019-01-04 20190104 145.719513 100.444817 1070.709961 41.756924 45.72327 45.844868 54.582695 188.335098 17.370001 65.72213
2019-01-07 20190107 145.395203 100.572922 1068.390015 42.039063 46.447636 46.05846 54.428398 190.869507 17.67 66.020645
2019-01-08 20190108 148.16687 101.302139 1076.280029 42.379585 46.868557 46.349724 53.955868 193.317139 17.68 65.568054
2019-01-09 20190109 150.682983 102.750717 1074.660034 42.146088 46.770664 46.611858 54.592342 193.085846 17.959999 65.423615
2019-01-10 20190110 151.164627 102.090485 1070.329956 42.06826 46.809822 47.145847 54.775574 195.31189 18.17 65.519905
2019-01-11 20190111 149.680466 101.302139 1057.189941 42.311481 47.269897 47.50507 55.450626 193.268951 18.450001 65.63546
2019-01-14 20190114 147.429718 100.563072 1044.689941 42.039063 47.16222 46.941959 55.257748 189.626389 18.469999 64.759163
2019-01-15 20190115 150.447128 103.47995 1077.150024 42.827118 47.54549 47.184677 53.743706 192.131851 18.83 65.982117
2019-01-16 20190116 152.28508 103.844551 1080.969971 42.768742 47.23101 46.728367 53.300102 191.659683 18.65 65.13472
2019-01-17 20190117 153.189301 104.573769 1089.900024 43.011967 47.742043 47.058464 52.817924 194.579514 18.76 66.107315
2019-01-18 20190118 154.132858 106.140602 1098.26001 43.809746 48.420143 47.757496 53.300102 196.468292 18.82 66.617683
2019-01-22 20190122 150.673172 104.140175 1070.52002 43.566521 48.095833 46.864288 52.35503 194.637344 18.75 66.011024
2019-01-23 20190123 151.282547 105.155167 1075.569946 44.228092 48.390659 46.543896 49.924847 194.232605 19.459999 65.72213
2019-01-24 20190124 150.083435 104.652603 1073.900024 44.374035 48.351345 48.310894 48.999065 193.664063 19.34 65.346565
2019-01-25 20190125 155.056747 105.608467 1090.98999 44.87994 48.940998 45.670113 49.4716 191.544037 19.559999 66.348045
2019-01-28 20190128 153.621765 103.548927 1070.079956 44.510239 48.665829 45.349712 48.835121 184.971954 19.780001 65.394714
2019-01-29 20190129 152.02951 101.440102 1060.619995 44.714546 48.754276 45.184669 47.63932 185.126144 19.75 67.012497
2019-01-30 20190130 162.418411 104.829979 1089.060059 45.444221 49.491337 46.155552 48.381874 178.139709 20.01 67.243607
2019-01-31 20190131 163.587997 102.908394 1116.369995 46.008507 49.363579 45.74778 47.755043 180.307907 19.85 67.416939
2019-02-01 20190201 163.666641 101.282433 1110.75 46.057152 49.933578 47.310894 47.841835 180.269379 19.700001 67.455452
2019-02-04 20190204 168.315582 104.199295 1132.800049 46.066875 50.14978 47.786625 47.91898 179.411713 19.67 67.455452
2019-02-05 20190205 171.195389 105.657745 1145.98999 45.979317 50.356159 48.553619 48.921917 181.464294 19.959999 65.173241
2019-02-06 20190206 171.254364 104.485077 1115.22998 46.193359 50.375809 48.753906 49.278728 183.825226 19.17 66.203606
2019-02-07 20190207 168.01091 103.736145 1098.709961 45.434498 49.353752 48.099293 48.748329 177.532623 18.35 64.788048
2019-02-08 20190208 168.208328 104.130325 1095.060059 45.911213 50.14978 47.718254 48.497597 179.238266 18.219999 64.971016
2019-02-11 20190211 167.240967 103.716446 1095.01001 46.290649 50.346329 47.649864 49.018349 179.035889 18.82 65.115463
2019-02-12 20190212 168.682114 105.33255 1121.369995 46.592247 50.336506 48.861382 49.818764 181.579941 19.120001 62.977684
2019-02-13 20190213 167.981277 105.253716 1120.160034 46.212818 50.533051 49.310818 49.751266 182.10994 17.629999 63.497681
2019-02-14 20190214 168.593292 105.342407 1121.670044 47.088425 50.592018 49.643005 49.731979 181.2845 17.280001 63.911758
2019-02-15 20190215 168.218201 106.643166 1113.650024 48.090515 50.827881 50.47348 50.127361 182.896515 17.98 65.086563
2019-02-19 20190219 168.721588 106.593895 1118.560059 48.304554 51.122704 50.219456 50.156296 181.566116 18.02 64.287315
2019-02-20 20190220 169.807388 106.039703 1113.800049 48.285095 50.877018 50.209686 50.580616 181.517563 17.4 64.499161
2019-02-21 20190221 168.84993 108.276283 1096.969971 48.071056 51.211151 50.229229 50.484173 180.138611 17.25 63.122128
2019-02-22 20190222 170.735229 109.820114 1110.369995 48.75209 51.574768 51.284424 51.22673 182.080795 17.25 63.305088
2019-02-25 20190225 171.978958 110.433685 1109.400024 49.413662 51.653389 51.880413 51.101372 184.324036 17.6 62.929535
2019-02-26 20190226 172.077667 111.195709 1115.130005 49.793091 51.692699 52.007427 51.139938 184.586243 16.940001 62.862129
2019-02-27 20190227 172.610687 111.007675 1116.050049 50.191978 51.476498 52.017197 51.149582 185.887527 17 63.141392
2019-02-28 20190228 170.912918 110.869133 1119.920044 50.367107 51.230808 51.743622 51.48711 184.586243 16.83 62.611759
2019-03-01 20190301 172.709381 111.363945 1140.98999 50.016861 51.604252 52.075817 52.268242 185.635025 17.08 63.565098
2019-03-04 20190304 173.578033 111.096748 1147.800049 49.773636 51.142361 52.701115 51.863205 184.294907 16.75 63.025829
2019-03-05 20190305 173.262161 110.542549 1162.030029 49.90984 51.456841 52.44709 52.017506 183.362656 16.73 62.005096
2019-03-06 20190306 172.265228 110.592033 1157.859985 50.26981 51.447014 51.733856 53.461357 177.856506 15.97 60.589539
2019-03-07 20190307 170.271317 109.246124 1143.300049 49.900112 51.673046 51.391895 52.710163 176.215363 16 60.213982
2019-03-08 20190308 170.676025 109.364876 1142.319946 49.686073 51.859768 51.274651 52.222378 175.64241 15.75 60.888058
2019-03-11 20190311 176.588608 111.660843 1175.76001 50.513039 51.751667 52.124668 53.022346 178.817917 15.78 61.956944
2019-03-12 20190312 178.572662 112.442657 1193.199951 50.736809 51.889248 52.339615 53.500381 178.856766 15.68 62.428799
2019-03-13 20190313 179.36232 113.313545 1193.319946 51.164886 52.144768 53.121239 54.036942 181.93515 16.23 63.314724
2019-03-14 20190314 181.356216 113.402603 1185.550049 51.310818 52.134933 52.212597 54.0467 182.333282 16.469999 62.993866
2019-03-15 20190315 183.715332 114.708931 1184.459961 51.758358 52.026836 53.082157 55.217384 185.712738 16.51 63.810581
2019-03-18 20190318 185.590805 116.351723 1184.26001 52.059952 52.537865 52.857441 55.441769 185.780685 16.639999 63.217491
2019-03-19 20190319 184.120056 116.430893 1198.849976 51.865372 53.107857 52.925831 55.578346 185.95549 16.91 63.674461
2019-03-20 20190320 185.728989 116.302231 1223.969971 51.816723 51.73201 52.583874 55.763706 185.596161 16.860001 62.809135
2019-03-21 20190321 192.569427 118.974266 1231.540039 52.478298 53.107857 53.38504 56.358803 186.343918 17.08 63.120262
2019-03-22 20190322 188.58165 115.837112 1205.5 51.310818 51.859768 52.036736 55.432007 181.303925 16.33 62.002148
2019-03-25 20190325 186.301483 116.440796 1193 51.30109 51.830288 51.56776 55.256409 181.197098 15.9 62.021591
2019-03-26 20190326 184.376678 116.688202 1184.619995 51.78754 52.360973 52.212597 56.583187 182.828552 15.93 62.459114
2019-03-27 20190327 186.034973 115.560013 1173.02002 51.699982 51.899082 51.939037 55.519814 180.934921 16 61.895195
2019-03-28 20190328 186.281738 115.718361 1168.48999 51.914017 52.272522 51.890182 55.168606 182.226471 15.58 61.924362
2019-03-29 20190329 187.495865 116.717896 1173.310059 52.526947 52.783554 52.466637 55.636879 184.489136 15.68 63.207771
2019-04-01 20190401 188.769211 117.786697 1194.430054 53.490116 53.63855 53.258022 56.397827 186.227402 15.72 64.05365
2019-04-02 20190402 191.51329 117.954941 1200.48999 53.791718 53.215961 53.111473 56.67099 186.868301 15.03 64.403664
2019-04-03 20190403 192.826111 118.726852 1205.920044 54.122505 53.127514 54.20575 56.271 187.344147 14.87 64.812035
2019-04-04 20190404 193.161682 118.123177 1215 53.985435 52.891655 54.635639 56.446606 186.77121 15.19 64.98703
2019-04-05 20190405 194.454758 118.64769 1207.150024 54.05397 52.999756 54.32299 56.573433 189.762207 15.24 65.667641
2019-04-08 20190408 197.514709 118.687271 1203.839966 54.328106 52.793385 54.401157 56.349045 189.247528 15.04 65.51207
2019-04-09 20190409 196.92247 118.043999 1197.25 54.024597 52.901485 54.049423 56.036861 187.40242 14.55 64.257828
2019-04-10 20190410 198.027985 118.944572 1202.160034 54.651196 53.276604 54.469543 54.953979 188.286118 14.66 65.531517
2019-04-11 20190411 196.379578 119.083122 1204.619995 54.435799 53.098915 54.518398 54.534485 186.557571 14.49 64.471733
2019-04-12 20190412 196.300613 119.696701 1217.869995 55.111355 53.799793 55.124157 55.558834 185.887527 14.38 63.470284
2019-04-15 20190415 196.65596 119.79567 1221.099976 55.375702 53.928123 54.987373 55.783218 185.673874 14.57 63.616131
2019-04-16 20190416 196.675705 119.518562 1227.130005 55.757534 53.888634 55.407497 68.729057 182.614899 14.69 62.750805
2019-04-17 20190417 200.505585 120.508202 1236.339966 55.130939 53.780048 57.215004 77.148247 177.196182 14.22 61.496563
2019-04-18 20190418 201.226151 122.091629 1236.369995 55.219051 53.819538 57.146614 77.938461 172.340698 14.36 61.20488
2019-04-22 20190422 201.887497 122.477585 1248.839966 55.160309 53.918251 57.469032 79.967651 171.262787 14.7 60.154819
2019-04-23 20190423 204.799362 124.140182 1264.550049 55.502983 54.234138 57.429951 84.601616 174.564514 14.91 61.292381
2019-04-24 20190424 204.483505 123.71463 1256 55.688999 54.471054 57.37133 84.708931 173.146713 15 61.059036
2019-04-25 20190425 202.627808 127.811722 1263.449951 55.150517 54.303234 56.286827 82.99192 175.263687 15.14 62.361889
2019-04-26 20190426 201.660461 128.544052 1272.180054 54.709942 54.698101 51.2258 84.523575 176.225098 15.36 63.343891
2019-04-29 20190429 201.966461 128.425308 1287.579956 54.954704 54.372345 49.936119 85.118668 175.933762 15.61 63.120262
2019-04-30 20190430 198.077362 129.246719 1188.47998 54.778477 54.619133 49.867725 84.026031 174.137238 15.22 63.236938
2019-05-01 20190501 207.80011 126.554886 1168.079956 54.416222 54.174911 49.594154 84.260178 171.049149 15.23 63.071651
2019-05-02 20190502 206.4478 124.902199 1162.609985 53.789623 53.89851 49.388977 85.011353 171.398743 14.9 63.489738
2019-05-03 20190503 209.014221 127.564301 1185.400024 53.789623 54.086067 50.561417 87.108841 172.185303 15.18 65.268997
2019-05-06 20190506 205.786469 126.822083 1189.390015 53.446953 54.145298 50.350071 86.094246 171.942551 14.89 65.813477
2019-05-07 20190507 200.239075 124.219337 1174.099976 52.330822 53.306217 49.622635 83.118744 168.844727 14.61 64.559235
2019-05-08 20190508 200.278534 124.20945 1166.27002 52.350403 53.296349 48.403698 82.474869 167.174454 14.6 64.238388
2019-05-09 20190509 198.126709 124.199554 1162.380005 51.811916 53.553005 45.828197 81.733429 167.873627 14.47 64.296715
2019-05-10 20190510 195.381973 125.81266 1164.27002 52.242706 53.947865 45.415329 83.743111 166.883133 14.36 63.752251
2019-05-13 20190513 184.026489 122.071831 1132.030029 50.225838 52.743538 43.999783 81.840744 162.755966 12.23 62.391056
2019-05-14 20190514 186.939667 123.437538 1120.439941 50.930763 53.434547 44.402821 84.026031 162.9599 12.1 63.275833
2019-05-15 20190515 189.179062 125.175804 1164.209961 51.341969 53.859024 44.845181 84.152855 164.960342 11.44 63.489738
2019-05-16 20190516 188.346725 128.066315 1178.97998 54.758896 53.937996 44.756706 80.787132 166.429535 11.42 63.956421
2019-05-17 20190517 187.276581 127.212082 1162.300049 55.170094 53.799793 44.127575 79.509132 166.419754 11.63 64.520348
2019-05-20 20190520 181.420471 125.374474 1138.849976 54.837215 52.970585 42.820171 74.748344 164.930969 11.49 64.03421
2019-05-21 20190521 184.898468 126.049919 1149.630005 55.33654 53.47403 43.70488 75.850731 166.204269 11.86 64.675903
2019-05-22 20190522 181.113281 126.814758 1151.420044 54.523922 53.503647 43.252697 67.616898 167.781189 11.54 64.656471
2019-05-23 20190523 178.021744 125.33474 1140.77002 53.055325 52.398037 43.773693 66.592552 168.574554 11.04 65.307884
2019-05-24 20190524 177.338043 125.394333 1133.469971 53.23156 52.092018 43.813015 64.592636 167.761597 10.87 65.035652
2019-05-28 20190528 176.604782 125.31488 1134.150024 52.80077 51.085121 42.829994 63.773151 165.381516 9.52 62.196602
2019-05-29 20190529 175.762527 124.103043 1116.459961 52.066475 51.025894 43.478786 64.153633 165.704727 9.7 61.613235
2019-05-30 20190530 176.674149 124.887756 1117.949951 52.448307 51.055511 43.970295 64.963348 165.567612 8.84 61.584064
2019-05-31 20190531 173.473602 122.851486 1103.630005 50.940552 49.949898 43.292015 65.187729 163.275681 8.65 60.524284
2019-06-03 20190603 171.719727 119.037209 1036.22998 50.695786 49.594528 42.721867 65.031647 168.819412 8.9 61.866028
2019-06-04 20190604 178.001923 122.334969 1053.050049 52.115429 51.351654 44.029278 66.777908 171.140732 9.53 62.5369
2019-06-05 20190605 180.875458 124.987091 1042.219971 53.6036 51.430626 43.793354 65.980469 170.964417 9.53 62.653576
2019-06-06 20190606 183.531036 126.963753 1044.339966 53.94627 51.914333 44.334015 66.541626 170.866486 9.41 61.963257
2019-06-07 20190607 188.416077 130.51976 1066.040039 54.758896 52.575722 45.248219 67.624573 171.904709 9.26 63.538342
2019-06-10 20190610 190.823929 131.711731 1080.380005 55.238628 53.316082 46.005142 69.445877 171.973282 9.29 64.287003
2019-06-11 20190611 193.033585 131.215088 1078.719971 55.914185 53.246986 46.054291 70.135017 171.032974 9.08 64.267548
2019-06-12 20190612 192.41925 130.609177 1077.030029 54.690361 52.931095 45.533287 68.510605 171.992874 8.71 64.928696
2019-06-13 20190613 192.379593 131.433609 1088.77002 54.993866 53.14827 45.906837 68.845345 173.080063 8.61 65.753189
2019-06-14 20190614 190.982468 131.562744 1085.349976 53.6036 52.595467 45.405499 67.654114 172.463013 8.24 65.134827
2019-06-17 20190617 192.121979 131.960068 1092.5 54.239994 52.447395 45.346523 68.038063 174.72554 8.2 65.86116
2019-06-18 20190618 196.640396 134.254578 1103.599976 54.876381 52.220348 46.565456 70.843849 177.87941 8.36 66.940849
2019-06-19 20190619 196.065689 134.781021 1102.329956 54.954704 52.003174 46.270554 70.68634 179.015579 8.18 66.999748
2019-06-20 20190620 197.64119 136.032578 1111.420044 56.207905 56.257805 46.388512 71.611755 180.29866 8.12 67.304024
2019-06-21 20190621 196.967377 136.05246 1121.880005 55.835861 55.398975 46.653927 71.592072 183.266434 8.45 68.099068
2019-06-24 20190624 196.769211 136.857025 1115.52002 55.982719 56.011017 46.821045 72.025246 181.033249 8.25 67.569038
2019-06-25 20190625 193.786667 132.536163 1086.349976 54.905754 55.349621 46.054291 71.424706 180.651276 8.81 67.215691
2019-06-26 20190626 197.978088 133.032822 1079.800049 55.414864 55.932041 47.371529 73.787476 179.407364 8.89 65.448921
2019-06-27 20190627 197.91864 133.251343 1076.01001 54.56308 56.04063 46.653927 74.260033 180.239914 9.08 65.841537
2019-06-28 20190628 196.115219 133.062622 1080.910034 53.584023 56.23806 47.056965 74.890106 180.494553 9.23 66.312668
2019-07-01 20190701 199.712143 134.771103 1097.949951 53.593811 57.264694 47.23391 76.317612 182.522049 9.32 66.57769
2019-07-02 20190702 200.881363 135.665085 1111.25 54.641407 57.708916 47.302715 75.815529 182.806076 9.43 67.569038
2019-07-03 20190703 202.546051 136.539185 1121.579956 55.646351 58.103775 47.695927 75.441422 184.706223 9.6 67.726089
2019-07-05 20190705 202.367676 136.141846 1131.589966 55.76458 58.518379 47.263397 75.470955 182.120468 9.47 67.264763
2019-07-08 20190708 198.196075 136.042526 1116.349976 55.36063 58.765167 47.007813 75.441422 178.496475 9.17 66.234146
2019-07-09 20190709 199.404968 135.545883 1124.829956 55.508419 58.83427 46.939003 75.362663 177.859818 9.37 66.499161
2019-07-10 20190710 201.376816 136.926559 1140.47998 56.286758 59.377201 47.39119 73.206627 178.525864 9.18 66.214516
2019-07-11 20190711 199.910309 137.47287 1144.209961 56.45425 59.219261 47.774567 72.566704 174.343552 8.97 64.967964
2019-07-12 20190712 201.446182 137.969528 1144.900024 57.094654 59.041573 49.072147 73.738251 171.336624 9.25 65.036674
2019-07-15 20190715 203.33876 137.969528 1150.339966 57.19318 58.765167 49.268749 74.260033 172.502167 8.56 66.813255
2019-07-16 20190716 202.635223 136.161728 1153.579956 56.769524 58.09119 48.334881 74.496307 173.824432 8.2 65.704117
2019-07-17 20190717 201.495712 135.357162 1146.349976 56.365574 57.476681 48.551151 74.584915 173.422882 8.11 65.684486
2019-07-18 20190718 203.784653 135.506134 1146.329956 56.887756 57.605522 49.091805 73.216476 175.851929 7.83 65.969131
2019-07-19 20190719 200.742645 135.704803 1130.099976 56.513367 57.030659 49.416203 73.8367 174.72554 7.91 63.839199
2019-07-22 20190722 205.330429 137.50267 1138.069946 56.877903 57.09013 50.477863 74.771965 172.276901 7.69 63.711597
2019-07-23 20190723 206.935638 138.356903 1146.209961 56.858196 56.941456 50.871067 72.970352 172.394424 7.68 65.174088
2019-07-24 20190724 206.767212 139.777344 1137.810059 56.385281 57.595615 52.021194 74.693207 172.159393 8 65.40966
2019-07-25 20190725 205.132263 139.250885 1132.119995 55.784286 57.774021 51.274105 74.181274 170.533463 7.6 65.095566
2019-07-26 20190726 205.845688 140.393188 1250.410034 55.695614 57.982162 50.713783 74.053291 171.738205 7.54 65.684486
2019-07-29 20190729 207.76799 140.085266 1239.410034 56.08971 57.546059 51.618156 73.807175 172.463013 7.86 66.616951
2019-07-30 20190730 206.87619 139.409821 1225.140015 55.636497 56.981106 50.821915 73.649643 172.825409 7.91 65.851349
2019-07-31 20190731 211.097366 135.357162 1216.680054 54.582294 55.801636 49.691444 72.025246 182.747314 7.93 64.310333
2019-08-01 20190801 206.529373 137.135162 1209.01001 54.572441 55.385357 48.659279 70.095642 182.179214 7.83 64.261261
2019-08-02 20190802 202.159607 135.982925 1193.98999 52.464027 55.345707 47.85321 70.046417 183.374176 7.86 63.750858
2019-08-05 20190805 191.576981 131.324356 1152.319946 50.611774 53.284115 46.172249 67.732872 177.771667 7.83 62.190212
2019-08-06 20190806 195.203613 133.787735 1169.949951 51.82362 53.482349 46.474094 67.11264 180.670868 7.06 62.798767
2019-08-07 20190807 197.225006 134.373779 1173.98999 51.567459 52.867836 46.246475 68.323563 179.769745 7.29 62.700611
2019-08-08 20190808 201.574982 137.959595 1204.800049 52.375355 54.166241 46.681923 70.154709 181.425049 7.29 63.623257
2019-08-09 20190809 199.913925 136.787506 1188.01001 51.656132 53.422882 45.504234 70.390991 192.218674 7.02 64.0355
2019-08-12 20190812 199.406647 134.880356 1174.709961 50.779266 52.778633 45.128166 68.717361 201.552917 7.02 62.798767
2019-08-13 20190813 207.851212 137.671555 1197.27002 51.941849 53.492264 46.355335 71.06044 201.885941 7.04 63.112862
2019-08-14 20190814 201.664505 133.525635 1164.290039 49.862995 51.856869 45.395374 69.780609 196.16481 6.3 61.954643
2019-08-15 20190815 200.659912 133.226654 1167.26001 45.567348 52.124477 45.227135 70.056267 196.598846 6.16 61.709259
2019-08-16 20190816 205.394424 135.668365 1177.599976 46.266869 53.115623 46.018856 72.143379 201.244766 6.41 61.974274
2019-08-19 20190819 209.223816 137.940628 1198.449951 47.784138 53.393143 46.741299 73.708725 203.19783 6.71 62.926369
2019-08-20 20190820 209.233765 136.794525 1182.689941 47.222549 52.511024 46.117821 74.890106 200.406326 7.01 62.268734
2019-08-21 20190821 211.501556 138.319321 1191.25 48.050152 52.768726 46.662132 75.51033 201.165863 7.45 62.945995
2019-08-22 20190822 211.322525 137.312759 1189.530029 47.468864 52.719166 46.295959 75.953354 200.652939 7.26 63.034336
2019-08-23 20190823 201.555099 132.937653 1151.290039 45.922031 51.123421 44.494793 72.379654 196.371964 7.05 61.355904
2019-08-26 20190826 205.384476 134.990662 1168.890015 46.4048 51.668552 45.088585 71.779121 202.61586 7.42 61.836861
2019-08-27 20190827 203.066956 135.279678 1167.839966 46.09938 51.926247 45.3162 72.822678 203.681183 6.71 62.141136
2019-08-28 20190828 204.429626 135.100281 1171.02002 46.178196 51.490143 45.3162 73.196785 204.697159 6.96 62.465042
2019-08-29 20190829 207.890976 137.651596 1192.849976 46.572292 51.698284 46.385025 75.264206 204.164505 6.97 62.573013
2019-08-30 20190830 207.622437 137.392487 1188.099976 46.119083 51.599171 46.919437 76.563736 205.782181 6.9 62.366894
2019-09-03 20190903 204.598694 135.578659 1168.390015 45.813656 51.430672 46.493889 73.954842 202.724365 6.95 61.807415
2019-09-04 20190904 208.070038 137.163269 1181.410034 46.621552 52.501114 48.413811 75.894287 203.513489 7.1 62.101875
2019-09-05 20190905 212.138123 139.575058 1211.380005 47.705318 53.363411 49.581608 77.764816 204.825378 6.89 62.877289
2019-09-06 20190906 212.118225 138.628296 1204.930054 48.119118 52.68943 50.39312 77.617142 204.904297 7.01 63.623257
2019-09-09 20190909 213.023361 137.05365 1204.410034 47.862957 54.057213 51.056187 76.99691 199.587616 7.44 65.105377
2019-09-10 20190910 215.53981 135.61853 1206 48.483658 54.978985 51.28381 77.489159 194.192017 8.13 65.841537
2019-09-11 20190911 222.392929 135.658386 1220.170044 49.291553 55.791725 52.243774 79.285233 193.176041 8.32 66.823067
2019-09-12 20190912 221.895599 137.05365 1234.25 49.193031 53.412968 52.461494 78.471542 191.361069 8.18 65.743202
2019-09-13 20190913 217.578842 136.854324 1239.560059 49.291553 53.274208 51.996361 77.806702 192.811081 7.94 65.901711
2019-09-16 20190916 218.722687 135.867676 1231.300049 49.222588 52.669609 51.659878 77.439545 191.439972 8.04 65.267662
2019-09-17 20190917 219.518402 136.924088 1229.150024 48.680706 52.401997 51.412464 78.084541 194.044067 7.92 65.554962
2019-09-18 20190918 221.577332 138.050247 1232.410034 48.61174 52.094742 51.204639 78.292923 192.386917 7.79 65.109154
2019-09-19 20190919 219.777023 140.591614 1238.709961 48.463951 52.897572 51.036396 77.628082 192.988617 7.53 65.346916
2019-09-20 20190920 216.564285 138.967133 1229.930054 48.867897 52.996689 50.19519 75.851852 194.261078 7.45 65.802643
2019-09-23 20190923 217.548996 138.668152 1234.030029 48.690556 53.541821 50.373329 76.645691 195.069916 7.19 65.119057
2019-09-24 20190924 216.514557 136.914124 1218.76001 48.394985 52.87775 49.304501 74.651169 193.876373 7.04 63.95993
2019-09-25 20190925 219.846634 138.887405 1246.52002 48.877754 53.363411 50.492088 76.665543 193.393036 6.96 63.603275
2019-09-26 20190926 218.712738 139.066788 1241.390015 48.109268 53.482349 50.39312 76.754852 192.722305 6.54 62.711643
2019-09-27 20190927 217.648483 137.262924 1225.089966 48.119118 53.611198 50.25457 76.04039 192.288284 6.92 62.315361
2019-09-30 20190930 222.770889 138.558517 1219 48.680706 54.542877 50.996807 75.693085 190.877731 6.88 62.790901
2019-10-01 20191001 223.387573 136.605179 1205.099976 47.035358 53.323765 50.234776 74.88932 190.562088 6.76 62.632389
2019-10-02 20191002 217.78772 134.193375 1176.630005 45.872772 52.67952 48.878952 73.4207 186.63623 6.98 61.047256
2019-10-03 20191003 219.637756 135.817841 1187.829956 46.716568 53.383236 49.512329 75.147316 189.999832 7.04 61.651588
2019-10-04 20191004 225.794617 137.651596 1209 47.17321 54.651905 50.39312 76.893768 192.929443 6.97 61.978523
2019-10-07 20191007 225.844345 136.654999 1207.680054 47.421387 54.314915 50.096222 75.752617 194.487946 6.98 62.146938
2019-10-08 20191008 223.198593 135.209915 1189.130005 46.051456 53.571552 49.215435 72.289474 193.412781 6.53 61.116604
2019-10-09 20191009 225.814514 137.77121 1202.310059 46.498173 54.288361 49.957672 73.777931 194.014481 6.54 61.403912
2019-10-10 20191010 228.858124 138.628296 1208.670044 45.81321 55.24411 50.581158 74.393166 195.977402 6.74 62.672012
2019-10-11 20191011 234.945358 139.206314 1215.449951 46.220219 56.637901 51.551014 76.109848 198.068573 6.9 63.395229
2019-10-14 20191014 234.607178 139.076767 1217.140015 45.713936 56.209808 51.105671 75.712929 200.130142 6.73 63.910397
2019-10-15 20191015 234.060135 141.08992 1243.01001 46.021675 56.100296 52.105225 77.221237 201.876053 6.97 64.693054
2019-10-16 20191016 233.115204 139.933838 1243.640015 46.44854 55.632381 51.907291 77.628082 200.445786 6.95 64.742584
2019-10-17 20191017 234.02034 139.216278 1253.069946 46.686787 54.816013 51.323399 78.362389 200.791016 7.77 64.623711
2019-10-18 20191018 235.144302 136.944016 1245.48999 46.369122 54.308273 50.828571 77.082314 199.962448 7.5 64.306679
2019-10-21 20191021 239.222336 137.960541 1246.150024 47.044159 54.885704 51.590603 78.372314 200.169586 8.15 64.603889
2019-10-22 20191022 238.675293 135.907532 1242.800049 47.202991 53.870224 51.47184 77.866234 202.043747 8.03 65.247849
2019-10-23 20191023 241.878036 136.774597 1259.130005 46.706638 53.890133 51.184845 76.645691 200.554291 7.93 65.961159
2019-10-24 20191024 242.275894 139.465439 1260.98999 46.071312 54.019554 51.689564 78.382233 200.297821 8.16 65.386543
2019-10-25 20191025 245.259842 140.252747 1265.130005 46.557735 53.929955 55.875797 79.553154 200.287964 8.03 62.731457
2019-10-28 20191028 247.716614 143.701019 1290 46.825764 54.397873 56.172691 82.410995 202.221298 8.17 63.137646
2019-10-29 20191029 241.987442 142.345642 1262.619995 46.895256 54.557163 55.757038 81.031693 206.147171 8.38 62.860249
2019-10-30 20191030 241.957611 144.119598 1261.290039 47.212921 54.606941 56.014347 80.813385 208.011444 8.19 62.563038
2019-10-31 20191031 247.428162 142.883804 1260.109985 47.16328 54.248539 55.945072 79.821075 210.349213 8.15 63.117832
2019-11-01 20191101 254.450378 143.23262 1273.73999 46.686787 54.756279 55.925278 82.93692 214.985275 8.35 64.059006
2019-11-04 20191104 256.121368 144.059799 1291.369995 47.133503 55.204285 57.013901 84.435295 211.493423 8.8 64.603889
2019-11-05 20191105 255.753372 143.970108 1292.030029 47.411457 55.423306 56.954517 84.802452 212.154327 8.54 64.782219
2019-11-06 20191106 255.862762 143.571457 1291.800049 47.917736 55.453178 57.31773 83.978836 213.45636 8.1 64.802032
2019-11-07 20191107 258.815735 143.770782 1308.859985 48.066643 55.731934 57.765526 89.287674 215.02475 8.47 63.365505
2019-11-08 20191108 259.524078 145.465027 1311.369995 48.473652 56.239677 57.984447 93.306511 218.102295 9.3 64.772308
2019-11-11 20191111 261.579193 145.614517 1299.189941 47.748978 56.179943 58.064053 91.133354 217.697861 9.33 64.039185
2019-11-12 20191112 261.339752 146.571259 1298.800049 48.017006 56.339233 57.914791 90.270058 218.299576 9.61 63.72216
2019-11-13 20191113 263.843811 146.81044 1298 48.10635 55.960915 57.606308 89.773903 216.681885 9.78 62.741364
2019-11-14 20191114 262.018158 147.557892 1311.459961 44.582256 55.84145 57.526703 89.783829 216.9599 9.37 63.216904
2019-11-15 20191115 265.130768 149.461426 1334.869995 44.760944 56.169983 57.675964 90.111282 219.303268 10.2 64.465187
2019-11-18 20191118 266.46759 149.83017 1320.699951 44.820507 55.941002 57.964546 89.783829 219.114609 10.34 63.69244
2019-11-19 20191119 265.659515 149.87999 1315.459961 45.138172 56.020649 58.064053 87.283211 222.917618 10.29 64.395844
2019-11-20 20191120 262.566864 149.619995 1303.050049 44.751019 55.990784 57.616261 84.96122 223.920486 10.42 64.276955
2019-11-21 20191121 261.389648 149.479996 1301.349976 44.512768 55.980827 57.934692 84.455147 226.214218 10.25 65.119057
2019-11-22 20191122 261.160187 149.589996 1295.339966 44.522694 56.140118 57.327682 84.236832 229.113632 10.23 64.653427
2019-11-25 20191125 265.739319 151.229996 1306.689941 45.118317 56.309368 58.521801 84.633759 232.886841 10.72 66.595207
2019-11-26 20191126 263.664246 152.029999 1313.550049 44.97934 56.259586 58.611362 83.978836 232.7379 9.87 66.654648
2019-11-27 20191127 267.205841 152.320007 1312.98999 44.909851 56.359146 58.22327 84.14753 232.886841 10.45 66.49614
2019-11-29 20191129 266.617249 151.380005 1304.959961 44.97934 55.891224 57.765526 82.90715 233.065582 10.42 66.615021
2019-12-02 20191202 263.534546 149.550003 1289.920044 44.373791 55.184372 57.377438 81.815605 231.83432 10.26 65.505432
2019-12-03 20191203 258.835724 149.309998 1295.280029 43.956856 54.348095 55.795227 79.959999 231.129333 10.26 65.455894
2019-12-04 20191204 261.12027 149.850006 1320.540039 43.569702 54.168892 55.745472 82.080002 232.231506 10.34 66.129578
2019-12-05 20191205 264.951172 149.929993 1328.130005 43.202404 54.437695 55.80518 82.589996 231.764816 9.82 65.3172
2019-12-06 20191206 270.069031 151.75 1340.619995 43.520065 54.587032 56.531605 83.82 232.122284 9.92 66.456512
2019-12-09 20191209 266.288025 151.360001 1343.560059 43.579632 55.064907 56.252972 84.919998 231.178986 9.82 66.307899
2019-12-10 20191210 267.84433 151.130005 1344.660034 43.778168 55.572643 56.312679 84.120003 232.191772 9.49 66.456512
2019-12-11 20191211 270.128906 151.699997 1345.02002 43.956856 56.060474 56.790329 86.989998 232.36058 9.56 67.150002
2019-12-12 20191212 270.817261 153.240005 1350.27002 45.336708 56.219765 57.267975 89.050003 234.32663 9.8 67.629997
2019-12-13 20191213 274.498535 154.529999 1347.829956 44.96941 54.268448 57.506802 87.830002 235.07135 9.64 65.769997
2019-12-16 20191216 279.197357 155.529999 1361.170044 45.644447 53.750755 57.41724 88.43 241.485809 9.86 66.120003
2019-12-17 20191217 279.746094 154.690002 1355.119995 46.101089 52.60585 57.019199 88.32 241.128342 9.7 66.199997
2019-12-18 20191218 279.077667 154.369995 1352.619995 46.299633 53.153412 56.889835 87.980003 240.234695 9.8 65.68
2019-12-19 20191219 279.356995 155.710007 1356.040039 47.530586 53.004078 57.675964 88.489998 240.135391 9.97 65.290001
2019-12-20 20191220 278.778381 157.410004 1349.589966 47.103722 53.36248 58.661114 88.849998 241.346786 10.12 66.849998
2019-12-23 20191223 283.327576 157.410004 1348.839966 47.748978 53.471992 58.939743 88.449997 241.317001 9.96 66.75
2019-12-24 20191224 283.596924 157.380005 1343.560059 47.431313 53.20319 59.118862 88.769997 240.621948 10.05 66.720001
2019-12-26 20191226 289.223602 158.669998 1360.400024 47.500801 53.332615 59.526852 88.400002 240.194962 10.14 66.389999
2019-12-27 20191227 289.113831 158.960007 1351.890015 47.421387 53.223103 59.78558 88.800003 239.827576 9.96 65.949997
2019-12-30 20191230 290.829773 157.589996 1336.140015 47.242699 52.466473 59.327831 88.43 238.576462 9.72 64.93
2019-12-31 20191231 292.954712 157.699997 1337.02002 47.610001 52.745228 59.556702 88.230003 239.370834 9.8 64.980003
2020-01-02 20200102 299.638885 160.619995 1367.369995 48.419998 53.71093 60.541851 88.690002 238.407669 9.56 65.230003
2020-01-03 20200103 296.725769 158.619995 1360.660034 47.630001 53.52177 59.805477 87.019997 236.789154 9.09 65.07
2020-01-06 20200106 299.090149 159.029999 1394.209961 47.799999 53.800533 59.636311 86.510002 238.606247 9.07 65.650002
2020-01-07 20200107 297.683533 157.580002 1393.339966 47.490002 53.920002 58.641212 88.970001 236.362167 9.1 65.120003
2020-01-08 20200108 302.472137 160.089996 1404.319946 47.52 54.130001 58.681019 88.709999 236.540909 8.92 65.800003
2020-01-09 20200109 308.896912 162.089996 1419.829956 47.32 54.380001 59.009399 89.910004 237.245895 9.02 65.839996
2020-01-10 20200110 309.595215 161.339996 1429.72998 47.130001 54.450001 58.651161 90.260002 236.580627 9.01 65.029999
2020-01-13 20200113 316.209534 163.279999 1439.22998 47.970001 54.580002 59.297977 90.970001 235.250076 9.17 64.309998
2020-01-14 20200114 311.939667 162.130005 1430.880005 47.790001 54.880001 59.138763 90.559998 238.308365 10.04 64.199997
2020-01-15 20200115 310.602844 163.179993 1439.199951 48.009998 54.759998 58.651161 89.669998 239.996384 10.54 64.099998
2020-01-16 20200116 314.493591 166.169998 1451.699951 49.049999 55.43 59.367634 91.790001 238.80484 10.62 63.200001
2020-01-17 20200117 317.975372 167.100006 1480.390015 49.02 55.130001 59.307926 95.910004 239.787872 10.2 62.98
2020-01-21 20200121 315.820465 166.5 1484.400024 48.799999 55.220001 60.253273 94.540001 235.925293 10.02 62.630001
2020-01-22 20200122 316.947815 165.699997 1485.949951 49.07 54.720001 62.422588 92.970001 235.081268 10.45 63.400002
2020-01-23 20200123 318.474182 166.720001 1486.650024 49 54.98 63.009701 92 233.383316 10.39 63.939999
2020-01-24 20200124 317.556335 165.039993 1466.709961 48.849998 54.07 68.13446 89.650002 223.999924 10.1 63.150002
2020-01-27 20200127 308.218506 162.279999 1433.900024 47.470001 52.689999 65.368088 87.050003 221.37854 10.13 63.830002
2020-01-28 20200128 316.937805 165.460007 1452.560059 47.77 53.459999 66.980141 89.150002 223.255219 10.21 64.360001
2020-01-29 20200129 323.572052 168.039993 1458.630005 47.049999 53.200001 66.004951 88.230003 225.548935 10.38 64.300003
2020-01-30 20200130 323.10318 172.779999 1455.839966 47.240002 53.310001 66.144264 87.779999 224.555984 10.27 64.029999
2020-01-31 20200131 308.777191 170.229996 1434.22998 45.970001 52.450001 63.616711 85.309998 214.527176 10.4 63.200001
2020-02-03 20200203 307.929199 174.380005 1485.939941 46.529999 53.09 64.104309 86.480003 215.351334 11.15 66.360001
2020-02-04 20200204 318.095062 180.119995 1447.069946 47.619999 54.040001 65.139214 88.93 220.246567 12.06 67.400002
2020-02-05 20200205 320.688934 179.899994 1448.22998 48.450001 54.740002 67.009995 90.910004 230.305176 12.1 65.870003
2020-02-06 20200206 324.440002 183.630005 1476.22998 48.689999 54.709999 67.089996 90.610001 229.818619 12.12 68.209999
2020-02-07 20200207 320.029999 183.889999 1479.22998 47.970001 54.720001 66.019997 87.419998 227.713577 12.16 68.870003
2020-02-10 20200210 321.549988 188.699997 1508.680054 48.869999 54.990002 66.389999 88.599998 225.817032 12.35 68.989998
2020-02-11 20200211 319.609985 184.440002 1508.790039 49.130001 55.150002 67.410004 90 227.346191 12.33 67.760002
2020-02-12 20200212 327.200012 184.710007 1518.27002 49.93 55.73 67.459999 91.720001 225.399994 13.45 66.949997
2020-02-13 20200213 324.869995 183.710007 1514.660034 47.32 55.310001 67.440002 90.029999 223.039993 12.57 66.800003
